SplineFontDB: 3.2
FontName: Harmonic
FullName: Harmonic
FamilyName: Harmonic
Weight: Medium
Copyright: Monkopus
Version: 001.000
ItalicAngle: 0
UnderlinePosition: -152
UnderlineWidth: 51
Ascent: 768
Descent: 256
InvalidEm: 0
sfntRevision: 0x00010000
LayerCount: 2
Layer: 0 1 "Back" 1
Layer: 1 1 "Fore" 0
XUID: [1021 1011 -464628504 7001]
StyleMap: 0x0040
FSType: 0
OS2Version: 1
OS2_WeightWidthSlopeOnly: 0
OS2_UseTypoMetrics: 0
CreationTime: 1280473793
ModificationTime: 1746369730
PfmFamily: 17
TTFWeight: 500
TTFWidth: 5
LineGap: 92
VLineGap: 0
Panose: 2 0 6 3 0 0 0 0 0 0
OS2TypoAscent: 768
OS2TypoAOffset: 0
OS2TypoDescent: -256
OS2TypoDOffset: 0
OS2TypoLinegap: 92
OS2WinAscent: 768
OS2WinAOffset: 0
OS2WinDescent: 256
OS2WinDOffset: 0
HheadAscent: 768
HheadAOffset: 0
HheadDescent: -256
HheadDOffset: 0
OS2SubXSize: 665
OS2SubYSize: 716
OS2SubXOff: 0
OS2SubYOff: 143
OS2SupXSize: 665
OS2SupYSize: 716
OS2SupXOff: 0
OS2SupYOff: 491
OS2StrikeYSize: 51
OS2StrikeYPos: 265
OS2Vendor: '2ttf'
OS2CodePages: 00000001.00000000
OS2UnicodeRanges: 00000003.00000000.00000000.00000000
MarkAttachClasses: 1
DEI: 91125
ShortTable: cvt  2
  34
  648
EndShort
ShortTable: maxp 16
  1
  0
  102
  66
  5
  0
  0
  2
  0
  1
  1
  0
  64
  46
  0
  0
EndShort
LangName: 1033 "" "" "" "Monkopus:Harmonic" "" "Version 001.000"
GaspTable: 1 65535 0 0
Encoding: UnicodeBmp
UnicodeInterp: none
NameList: AGL For New Fonts
DisplaySize: -48
AntiAlias: 1
FitToEm: 0
WinInfo: 38 38 13
BeginChars: 65539 102

StartChar: .notdef
Encoding: 65536 -1 0
Width: 374
GlyphClass: 1
Flags: W
TtInstrs:
PUSHB_2
 1
 0
MDAP[rnd]
ALIGNRP
PUSHB_3
 7
 4
 0
MIRP[min,rnd,black]
SHP[rp2]
PUSHB_2
 6
 5
MDRP[rp0,min,rnd,grey]
ALIGNRP
PUSHB_3
 3
 2
 0
MIRP[min,rnd,black]
SHP[rp2]
SVTCA[y-axis]
PUSHB_2
 3
 0
MDAP[rnd]
ALIGNRP
PUSHB_3
 5
 4
 0
MIRP[min,rnd,black]
SHP[rp2]
PUSHB_3
 7
 6
 1
MIRP[rp0,min,rnd,grey]
ALIGNRP
PUSHB_3
 1
 2
 0
MIRP[min,rnd,black]
SHP[rp2]
EndTTInstrs
LayerCount: 2
Fore
SplineSet
34 0 m 1,0,-1
 34 682 l 1,1,-1
 306 682 l 1,2,-1
 306 0 l 1,3,-1
 34 0 l 1,0,-1
68 34 m 1,4,-1
 272 34 l 1,5,-1
 272 648 l 1,6,-1
 68 648 l 1,7,-1
 68 34 l 1,4,-1
EndSplineSet
EndChar

StartChar: .null
Encoding: 65537 -1 1
Width: 0
GlyphClass: 1
Flags: W
LayerCount: 2
EndChar

StartChar: nonmarkingreturn
Encoding: 65538 -1 2
Width: 341
GlyphClass: 1
Flags: W
LayerCount: 2
EndChar

StartChar: space
Encoding: 32 32 3
Width: 320
GlyphClass: 1
Flags: W
LayerCount: 2
EndChar

StartChar: exclam
Encoding: 33 33 4
Width: 256
GlyphClass: 1
Flags: W
LayerCount: 2
Fore
SplineSet
128 0 m 1,0,-1
 64 0 l 1,1,-1
 64 64 l 1,2,-1
 64 128 l 1,3,-1
 128 128 l 1,4,-1
 192 128 l 1,5,-1
 192 64 l 1,6,-1
 192 0 l 1,7,-1
 128 0 l 1,0,-1
128 192 m 1,8,-1
 64 192 l 1,9,-1
 64 256 l 1,10,-1
 64 320 l 1,11,-1
 64 384 l 1,12,-1
 64 448 l 1,13,-1
 64 512 l 1,14,-1
 64 576 l 1,15,-1
 64 640 l 1,16,-1
 64 704 l 1,17,-1
 128 704 l 1,18,-1
 192 704 l 1,19,-1
 192 640 l 1,20,-1
 192 576 l 1,21,-1
 192 512 l 1,22,-1
 192 448 l 1,23,-1
 192 384 l 1,24,-1
 192 320 l 1,25,-1
 192 256 l 1,26,-1
 192 192 l 1,27,-1
 128 192 l 1,8,-1
EndSplineSet
EndChar

StartChar: quotedbl
Encoding: 34 34 5
Width: 320
GlyphClass: 1
Flags: W
LayerCount: 2
Fore
SplineSet
192 576 m 1,0,-1
 192 640 l 1,1,-1
 192 704 l 1,2,-1
 256 704 l 1,3,-1
 256 640 l 1,4,-1
 256 576 l 1,5,-1
 192 576 l 1,0,-1
64 576 m 1,6,-1
 64 640 l 1,7,-1
 64 704 l 1,8,-1
 128 704 l 1,9,-1
 128 640 l 1,10,-1
 128 576 l 1,11,-1
 64 576 l 1,6,-1
EndSplineSet
EndChar

StartChar: numbersign
Encoding: 35 35 6
Width: 512
GlyphClass: 1
Flags: W
LayerCount: 2
Fore
SplineSet
320 0 m 1,0,-1
 320 64 l 1,1,-1
 256 64 l 1,2,-1
 256 128 l 1,3,-1
 192 128 l 1,4,-1
 192 64 l 1,5,-1
 128 64 l 1,6,-1
 128 0 l 1,7,-1
 64 0 l 1,8,-1
 64 64 l 1,9,-1
 64 128 l 1,10,-1
 0 128 l 1,11,-1
 0 192 l 1,12,-1
 0 256 l 1,13,-1
 64 256 l 1,14,-1
 64 320 l 1,15,-1
 64 384 l 1,16,-1
 0 384 l 1,17,-1
 0 448 l 1,18,-1
 0 512 l 1,19,-1
 64 512 l 1,20,-1
 64 576 l 1,21,-1
 64 640 l 1,22,-1
 128 640 l 1,23,-1
 128 576 l 1,24,-1
 192 576 l 1,25,-1
 192 512 l 1,26,-1
 256 512 l 1,27,-1
 256 576 l 1,28,-1
 320 576 l 1,29,-1
 320 640 l 1,30,-1
 384 640 l 1,31,-1
 384 576 l 1,32,-1
 384 512 l 1,33,-1
 448 512 l 1,34,-1
 448 448 l 1,35,-1
 448 384 l 1,36,-1
 384 384 l 1,37,-1
 384 320 l 1,38,-1
 384 256 l 1,39,-1
 448 256 l 1,40,-1
 448 192 l 1,41,-1
 448 128 l 1,42,-1
 384 128 l 1,43,-1
 384 64 l 1,44,-1
 384 0 l 1,45,-1
 320 0 l 1,0,-1
256 256 m 1,46,-1
 256 320 l 1,47,-1
 256 384 l 1,48,-1
 192 384 l 1,49,-1
 192 320 l 1,50,-1
 192 256 l 1,51,-1
 256 256 l 1,46,-1
EndSplineSet
EndChar

StartChar: percent
Encoding: 37 37 7
Width: 448
GlyphClass: 1
Flags: W
LayerCount: 2
Fore
SplineSet
0 0 m 1,0,-1
 0 64 l 1,1,-1
 0 128 l 1,2,-1
 0 192 l 1,3,-1
 0 256 l 1,4,-1
 0 320 l 1,5,-1
 64 320 l 1,6,-1
 64 384 l 1,7,-1
 128 384 l 1,8,-1
 192 384 l 1,9,-1
 256 384 l 1,10,-1
 256 448 l 1,11,-1
 256 512 l 1,12,-1
 256 576 l 1,13,-1
 320 576 l 1,14,-1
 320 640 l 1,15,-1
 384 640 l 1,16,-1
 384 576 l 1,17,-1
 384 512 l 1,18,-1
 384 448 l 1,19,-1
 384 384 l 1,20,-1
 384 320 l 1,21,-1
 320 320 l 1,22,-1
 320 256 l 1,23,-1
 256 256 l 1,24,-1
 192 256 l 1,25,-1
 128 256 l 1,26,-1
 128 192 l 1,27,-1
 128 128 l 1,28,-1
 128 64 l 1,29,-1
 64 64 l 1,30,-1
 64 0 l 1,31,-1
 0 0 l 1,0,-1
320 0 m 1,32,-1
 256 0 l 1,33,-1
 192 0 l 1,34,-1
 192 64 l 1,35,-1
 192 128 l 1,36,-1
 192 192 l 1,37,-1
 256 192 l 1,38,-1
 320 192 l 1,39,-1
 384 192 l 1,40,-1
 384 128 l 1,41,-1
 384 64 l 1,42,-1
 384 0 l 1,43,-1
 320 0 l 1,32,-1
320 64 m 1,44,-1
 320 128 l 1,45,-1
 256 128 l 1,46,-1
 256 64 l 1,47,-1
 320 64 l 1,44,-1
128 448 m 1,48,-1
 64 448 l 1,49,-1
 0 448 l 1,50,-1
 0 512 l 1,51,-1
 0 576 l 1,52,-1
 0 640 l 1,53,-1
 64 640 l 1,54,-1
 128 640 l 1,55,-1
 192 640 l 1,56,-1
 192 576 l 1,57,-1
 192 512 l 1,58,-1
 192 448 l 1,59,-1
 128 448 l 1,48,-1
128 512 m 1,60,-1
 128 576 l 1,61,-1
 64 576 l 1,62,-1
 64 512 l 1,63,-1
 128 512 l 1,60,-1
EndSplineSet
EndChar

StartChar: ampersand
Encoding: 38 38 8
Width: 576
GlyphClass: 1
Flags: W
LayerCount: 2
Fore
SplineSet
256 -64 m 1,0,-1
 192 -64 l 1,1,-1
 128 -64 l 1,2,-1
 64 -64 l 1,3,-1
 64 0 l 1,4,-1
 0 0 l 1,5,-1
 0 64 l 1,6,-1
 0 128 l 1,7,-1
 0 192 l 1,8,-1
 0 256 l 1,9,-1
 64 256 l 1,10,-1
 64 320 l 1,11,-1
 64 384 l 1,12,-1
 0 384 l 1,13,-1
 0 448 l 1,14,-1
 0 512 l 1,15,-1
 0 576 l 1,16,-1
 64 576 l 1,17,-1
 64 640 l 1,18,-1
 128 640 l 1,19,-1
 192 640 l 1,20,-1
 256 640 l 1,21,-1
 320 640 l 1,22,-1
 320 576 l 1,23,-1
 384 576 l 1,24,-1
 384 512 l 1,25,-1
 384 448 l 1,26,-1
 448 448 l 1,27,-1
 512 448 l 1,28,-1
 512 384 l 1,29,-1
 448 384 l 1,30,-1
 448 320 l 1,31,-1
 384 320 l 1,32,-1
 384 256 l 1,33,-1
 448 256 l 1,34,-1
 448 192 l 1,35,-1
 512 192 l 1,36,-1
 512 128 l 1,37,-1
 448 128 l 1,38,-1
 384 128 l 1,39,-1
 384 64 l 1,40,-1
 384 0 l 1,41,-1
 320 0 l 1,42,-1
 320 -64 l 1,43,-1
 256 -64 l 1,0,-1
192 64 m 1,44,-1
 256 64 l 1,45,-1
 256 128 l 1,46,-1
 256 192 l 1,47,-1
 256 256 l 1,48,-1
 192 256 l 1,49,-1
 128 256 l 1,50,-1
 128 192 l 1,51,-1
 128 128 l 1,52,-1
 128 64 l 1,53,-1
 192 64 l 1,44,-1
192 384 m 1,54,-1
 256 384 l 1,55,-1
 256 448 l 1,56,-1
 256 512 l 1,57,-1
 192 512 l 1,58,-1
 128 512 l 1,59,-1
 128 448 l 1,60,-1
 128 384 l 1,61,-1
 192 384 l 1,54,-1
EndSplineSet
EndChar

StartChar: quotesingle
Encoding: 39 39 9
Width: 192
GlyphClass: 1
Flags: W
LayerCount: 2
Fore
SplineSet
64 576 m 1,0,-1
 64 640 l 1,1,-1
 64 704 l 1,2,-1
 128 704 l 1,3,-1
 128 640 l 1,4,-1
 128 576 l 1,5,-1
 64 576 l 1,0,-1
EndSplineSet
EndChar

StartChar: parenleft
Encoding: 40 40 10
Width: 320
GlyphClass: 1
Flags: W
LayerCount: 2
Fore
SplineSet
192 -256 m 1,0,-1
 128 -256 l 1,1,-1
 64 -256 l 1,2,-1
 64 -192 l 1,3,-1
 0 -192 l 1,4,-1
 0 -128 l 1,5,-1
 0 -64 l 1,6,-1
 0 0 l 1,7,-1
 0 64 l 1,8,-1
 0 128 l 1,9,-1
 0 192 l 1,10,-1
 0 256 l 1,11,-1
 0 320 l 1,12,-1
 0 384 l 1,13,-1
 0 448 l 1,14,-1
 0 512 l 1,15,-1
 0 576 l 1,16,-1
 0 640 l 1,17,-1
 0 704 l 1,18,-1
 64 704 l 1,19,-1
 64 768 l 1,20,-1
 128 768 l 1,21,-1
 192 768 l 1,22,-1
 256 768 l 1,23,-1
 256 704 l 1,24,-1
 192 704 l 1,25,-1
 192 640 l 1,26,-1
 128 640 l 1,27,-1
 128 576 l 1,28,-1
 128 512 l 1,29,-1
 128 448 l 1,30,-1
 128 384 l 1,31,-1
 128 320 l 1,32,-1
 128 256 l 1,33,-1
 128 192 l 1,34,-1
 128 128 l 1,35,-1
 128 64 l 1,36,-1
 128 0 l 1,37,-1
 128 -64 l 1,38,-1
 128 -128 l 1,39,-1
 192 -128 l 1,40,-1
 192 -192 l 1,41,-1
 256 -192 l 1,42,-1
 256 -256 l 1,43,-1
 192 -256 l 1,0,-1
EndSplineSet
EndChar

StartChar: parenright
Encoding: 41 41 11
Width: 320
GlyphClass: 1
Flags: W
LayerCount: 2
Fore
SplineSet
128 -256 m 1,0,-1
 64 -256 l 1,1,-1
 0 -256 l 1,2,-1
 0 -192 l 1,3,-1
 64 -192 l 1,4,-1
 64 -128 l 1,5,-1
 128 -128 l 1,6,-1
 128 -64 l 1,7,-1
 128 0 l 1,8,-1
 128 64 l 1,9,-1
 128 128 l 1,10,-1
 128 192 l 1,11,-1
 128 256 l 1,12,-1
 128 320 l 1,13,-1
 128 384 l 1,14,-1
 128 448 l 1,15,-1
 128 512 l 1,16,-1
 128 576 l 1,17,-1
 128 640 l 1,18,-1
 64 640 l 1,19,-1
 64 704 l 1,20,-1
 0 704 l 1,21,-1
 0 768 l 1,22,-1
 64 768 l 1,23,-1
 128 768 l 1,24,-1
 192 768 l 1,25,-1
 192 704 l 1,26,-1
 256 704 l 1,27,-1
 256 640 l 1,28,-1
 256 576 l 1,29,-1
 256 512 l 1,30,-1
 256 448 l 1,31,-1
 256 384 l 1,32,-1
 256 320 l 1,33,-1
 256 256 l 1,34,-1
 256 192 l 1,35,-1
 256 128 l 1,36,-1
 256 64 l 1,37,-1
 256 0 l 1,38,-1
 256 -64 l 1,39,-1
 256 -128 l 1,40,-1
 256 -192 l 1,41,-1
 192 -192 l 1,42,-1
 192 -256 l 1,43,-1
 128 -256 l 1,0,-1
EndSplineSet
EndChar

StartChar: asterisk
Encoding: 42 42 12
Width: 320
GlyphClass: 1
Flags: W
LayerCount: 2
Fore
SplineSet
192 512 m 1,0,-1
 192 576 l 1,1,-1
 256 576 l 1,2,-1
 256 512 l 1,3,-1
 192 512 l 1,0,-1
64 512 m 1,4,-1
 64 576 l 1,5,-1
 128 576 l 1,6,-1
 128 512 l 1,7,-1
 64 512 l 1,4,-1
192 576 m 1,8,-1
 128 576 l 1,9,-1
 128 640 l 1,10,-1
 192 640 l 1,11,-1
 192 576 l 1,8,-1
192 640 m 1,12,-1
 192 704 l 1,13,-1
 256 704 l 1,14,-1
 256 640 l 1,15,-1
 192 640 l 1,12,-1
128 640 m 1,16,-1
 64 640 l 1,17,-1
 64 704 l 1,18,-1
 128 704 l 1,19,-1
 128 640 l 1,16,-1
EndSplineSet
EndChar

StartChar: plus
Encoding: 43 43 13
Width: 576
GlyphClass: 1
Flags: W
LayerCount: 2
Fore
SplineSet
256 128 m 1,0,-1
 256 192 l 1,1,-1
 256 256 l 1,2,-1
 256 320 l 1,3,-1
 192 320 l 1,4,-1
 128 320 l 1,5,-1
 64 320 l 1,6,-1
 64 384 l 1,7,-1
 128 384 l 1,8,-1
 192 384 l 1,9,-1
 256 384 l 1,10,-1
 256 448 l 1,11,-1
 256 512 l 1,12,-1
 256 576 l 1,13,-1
 320 576 l 1,14,-1
 320 512 l 1,15,-1
 320 448 l 1,16,-1
 320 384 l 1,17,-1
 384 384 l 1,18,-1
 448 384 l 1,19,-1
 512 384 l 1,20,-1
 512 320 l 1,21,-1
 448 320 l 1,22,-1
 384 320 l 1,23,-1
 320 320 l 1,24,-1
 320 256 l 1,25,-1
 320 192 l 1,26,-1
 320 128 l 1,27,-1
 256 128 l 1,0,-1
EndSplineSet
EndChar

StartChar: comma
Encoding: 44 44 14
Width: 192
GlyphClass: 1
Flags: W
LayerCount: 2
Fore
SplineSet
64 -64 m 1,0,-1
 64 0 l 1,1,-1
 64 64 l 1,2,-1
 128 64 l 1,3,-1
 128 0 l 1,4,-1
 128 -64 l 1,5,-1
 64 -64 l 1,0,-1
EndSplineSet
EndChar

StartChar: hyphen
Encoding: 45 45 15
Width: 384
GlyphClass: 1
Flags: W
LayerCount: 2
Fore
SplineSet
256 384 m 1,0,-1
 320 384 l 1,1,-1
 320 320 l 1,2,-1
 256 320 l 1,3,-1
 192 320 l 1,4,-1
 128 320 l 1,5,-1
 64 320 l 1,6,-1
 64 384 l 1,7,-1
 128 384 l 1,8,-1
 192 384 l 1,9,-1
 256 384 l 1,0,-1
EndSplineSet
EndChar

StartChar: period
Encoding: 46 46 16
Width: 256
GlyphClass: 1
Flags: W
LayerCount: 2
Fore
SplineSet
128 64 m 1,0,-1
 192 64 l 1,1,-1
 192 0 l 1,2,-1
 128 0 l 1,3,-1
 64 0 l 1,4,-1
 64 64 l 1,5,-1
 128 64 l 1,0,-1
EndSplineSet
EndChar

StartChar: slash
Encoding: 47 47 17
Width: 384
GlyphClass: 1
Flags: W
LayerCount: 2
Fore
SplineSet
0 0 m 1,0,-1
 0 64 l 1,1,-1
 0 128 l 1,2,-1
 0 192 l 1,3,-1
 0 256 l 1,4,-1
 64 256 l 1,5,-1
 64 320 l 1,6,-1
 64 384 l 1,7,-1
 128 384 l 1,8,-1
 128 448 l 1,9,-1
 128 512 l 1,10,-1
 192 512 l 1,11,-1
 192 576 l 1,12,-1
 192 640 l 1,13,-1
 256 640 l 1,14,-1
 256 704 l 1,15,-1
 256 768 l 1,16,-1
 320 768 l 1,17,-1
 320 704 l 1,18,-1
 320 640 l 1,19,-1
 320 576 l 1,20,-1
 320 512 l 1,21,-1
 256 512 l 1,22,-1
 256 448 l 1,23,-1
 256 384 l 1,24,-1
 192 384 l 1,25,-1
 192 320 l 1,26,-1
 192 256 l 1,27,-1
 128 256 l 1,28,-1
 128 192 l 1,29,-1
 128 128 l 1,30,-1
 64 128 l 1,31,-1
 64 64 l 1,32,-1
 64 0 l 1,33,-1
 0 0 l 1,0,-1
EndSplineSet
EndChar

StartChar: zero
Encoding: 48 48 18
Width: 448
GlyphClass: 1
Flags: W
LayerCount: 2
Fore
SplineSet
256 0 m 1,0,-1
 192 0 l 1,1,-1
 128 0 l 1,2,-1
 64 0 l 1,3,-1
 64 64 l 1,4,-1
 0 64 l 1,5,-1
 0 128 l 1,6,-1
 0 192 l 1,7,-1
 0 256 l 1,8,-1
 0 320 l 1,9,-1
 0 384 l 1,10,-1
 0 448 l 1,11,-1
 0 512 l 1,12,-1
 0 576 l 1,13,-1
 64 576 l 1,14,-1
 64 640 l 1,15,-1
 128 640 l 1,16,-1
 192 640 l 1,17,-1
 256 640 l 1,18,-1
 320 640 l 1,19,-1
 320 576 l 1,20,-1
 384 576 l 1,21,-1
 384 512 l 1,22,-1
 384 448 l 1,23,-1
 384 384 l 1,24,-1
 384 320 l 1,25,-1
 384 256 l 1,26,-1
 384 192 l 1,27,-1
 384 128 l 1,28,-1
 384 64 l 1,29,-1
 320 64 l 1,30,-1
 320 0 l 1,31,-1
 256 0 l 1,0,-1
192 128 m 1,32,-1
 256 128 l 1,33,-1
 256 192 l 1,34,-1
 256 256 l 1,35,-1
 192 256 l 1,36,-1
 192 192 l 1,37,-1
 128 192 l 1,38,-1
 128 128 l 1,39,-1
 192 128 l 1,32,-1
192 384 m 1,40,-1
 192 448 l 1,41,-1
 256 448 l 1,42,-1
 256 512 l 1,43,-1
 192 512 l 1,44,-1
 128 512 l 1,45,-1
 128 448 l 1,46,-1
 128 384 l 1,47,-1
 192 384 l 1,40,-1
EndSplineSet
EndChar

StartChar: one
Encoding: 49 49 19
Width: 320
GlyphClass: 1
Flags: W
LayerCount: 2
Fore
SplineSet
192 0 m 1,0,-1
 128 0 l 1,1,-1
 64 0 l 1,2,-1
 0 0 l 1,3,-1
 0 64 l 1,4,-1
 0 128 l 1,5,-1
 64 128 l 1,6,-1
 64 192 l 1,7,-1
 64 256 l 1,8,-1
 64 320 l 1,9,-1
 64 384 l 1,10,-1
 64 448 l 1,11,-1
 0 448 l 1,12,-1
 0 512 l 1,13,-1
 0 576 l 1,14,-1
 64 576 l 1,15,-1
 64 640 l 1,16,-1
 128 640 l 1,17,-1
 192 640 l 1,18,-1
 192 576 l 1,19,-1
 192 512 l 1,20,-1
 192 448 l 1,21,-1
 192 384 l 1,22,-1
 192 320 l 1,23,-1
 192 256 l 1,24,-1
 192 192 l 1,25,-1
 192 128 l 1,26,-1
 256 128 l 1,27,-1
 256 64 l 1,28,-1
 256 0 l 1,29,-1
 192 0 l 1,0,-1
EndSplineSet
EndChar

StartChar: two
Encoding: 50 50 20
Width: 448
GlyphClass: 1
Flags: W
LayerCount: 2
Fore
SplineSet
320 0 m 1,0,-1
 256 0 l 1,1,-1
 192 0 l 1,2,-1
 128 0 l 1,3,-1
 64 0 l 1,4,-1
 0 0 l 1,5,-1
 0 64 l 1,6,-1
 0 128 l 1,7,-1
 0 192 l 1,8,-1
 0 256 l 1,9,-1
 0 320 l 1,10,-1
 64 320 l 1,11,-1
 64 384 l 1,12,-1
 128 384 l 1,13,-1
 192 384 l 1,14,-1
 256 384 l 1,15,-1
 256 448 l 1,16,-1
 256 512 l 1,17,-1
 192 512 l 1,18,-1
 128 512 l 1,19,-1
 64 512 l 1,20,-1
 0 512 l 1,21,-1
 0 576 l 1,22,-1
 64 576 l 1,23,-1
 64 640 l 1,24,-1
 128 640 l 1,25,-1
 192 640 l 1,26,-1
 256 640 l 1,27,-1
 320 640 l 1,28,-1
 320 576 l 1,29,-1
 384 576 l 1,30,-1
 384 512 l 1,31,-1
 384 448 l 1,32,-1
 384 384 l 1,33,-1
 384 320 l 1,34,-1
 320 320 l 1,35,-1
 320 256 l 1,36,-1
 256 256 l 1,37,-1
 192 256 l 1,38,-1
 128 256 l 1,39,-1
 128 192 l 1,40,-1
 128 128 l 1,41,-1
 192 128 l 1,42,-1
 256 128 l 1,43,-1
 320 128 l 1,44,-1
 320 64 l 1,45,-1
 384 64 l 1,46,-1
 384 0 l 1,47,-1
 320 0 l 1,0,-1
EndSplineSet
EndChar

StartChar: three
Encoding: 51 51 21
Width: 448
GlyphClass: 1
Flags: W
LayerCount: 2
Fore
SplineSet
256 0 m 1,0,-1
 192 0 l 1,1,-1
 128 0 l 1,2,-1
 64 0 l 1,3,-1
 64 64 l 1,4,-1
 0 64 l 1,5,-1
 0 128 l 1,6,-1
 0 192 l 1,7,-1
 64 192 l 1,8,-1
 128 192 l 1,9,-1
 128 128 l 1,10,-1
 192 128 l 1,11,-1
 256 128 l 1,12,-1
 256 192 l 1,13,-1
 256 256 l 1,14,-1
 192 256 l 1,15,-1
 128 256 l 1,16,-1
 64 256 l 1,17,-1
 64 320 l 1,18,-1
 64 384 l 1,19,-1
 128 384 l 1,20,-1
 192 384 l 1,21,-1
 256 384 l 1,22,-1
 256 448 l 1,23,-1
 256 512 l 1,24,-1
 192 512 l 1,25,-1
 128 512 l 1,26,-1
 128 448 l 1,27,-1
 64 448 l 1,28,-1
 0 448 l 1,29,-1
 0 512 l 1,30,-1
 0 576 l 1,31,-1
 64 576 l 1,32,-1
 64 640 l 1,33,-1
 128 640 l 1,34,-1
 192 640 l 1,35,-1
 256 640 l 1,36,-1
 320 640 l 1,37,-1
 320 576 l 1,38,-1
 384 576 l 1,39,-1
 384 512 l 1,40,-1
 384 448 l 1,41,-1
 384 384 l 1,42,-1
 320 384 l 1,43,-1
 320 320 l 1,44,-1
 320 256 l 1,45,-1
 384 256 l 1,46,-1
 384 192 l 1,47,-1
 384 128 l 1,48,-1
 384 64 l 1,49,-1
 320 64 l 1,50,-1
 320 0 l 1,51,-1
 256 0 l 1,0,-1
EndSplineSet
EndChar

StartChar: four
Encoding: 52 52 22
Width: 448
GlyphClass: 1
Flags: W
LayerCount: 2
Fore
SplineSet
256 0 m 1,0,-1
 192 0 l 1,1,-1
 192 64 l 1,2,-1
 192 128 l 1,3,-1
 192 192 l 1,4,-1
 192 256 l 1,5,-1
 128 256 l 1,6,-1
 64 256 l 1,7,-1
 0 256 l 1,8,-1
 0 320 l 1,9,-1
 0 384 l 1,10,-1
 0 448 l 1,11,-1
 0 512 l 1,12,-1
 0 576 l 1,13,-1
 64 576 l 1,14,-1
 64 640 l 1,15,-1
 128 640 l 1,16,-1
 128 576 l 1,17,-1
 128 512 l 1,18,-1
 128 448 l 1,19,-1
 128 384 l 1,20,-1
 192 384 l 1,21,-1
 192 448 l 1,22,-1
 192 512 l 1,23,-1
 192 576 l 1,24,-1
 192 640 l 1,25,-1
 256 640 l 1,26,-1
 320 640 l 1,27,-1
 320 576 l 1,28,-1
 320 512 l 1,29,-1
 320 448 l 1,30,-1
 320 384 l 1,31,-1
 384 384 l 1,32,-1
 384 320 l 1,33,-1
 384 256 l 1,34,-1
 320 256 l 1,35,-1
 320 192 l 1,36,-1
 320 128 l 1,37,-1
 320 64 l 1,38,-1
 320 0 l 1,39,-1
 256 0 l 1,0,-1
EndSplineSet
EndChar

StartChar: five
Encoding: 53 53 23
Width: 448
GlyphClass: 1
Flags: W
LayerCount: 2
Fore
SplineSet
256 0 m 1,0,-1
 192 0 l 1,1,-1
 128 0 l 1,2,-1
 64 0 l 1,3,-1
 64 64 l 1,4,-1
 0 64 l 1,5,-1
 0 128 l 1,6,-1
 0 192 l 1,7,-1
 64 192 l 1,8,-1
 128 192 l 1,9,-1
 128 128 l 1,10,-1
 192 128 l 1,11,-1
 256 128 l 1,12,-1
 256 192 l 1,13,-1
 256 256 l 1,14,-1
 192 256 l 1,15,-1
 128 256 l 1,16,-1
 64 256 l 1,17,-1
 0 256 l 1,18,-1
 0 320 l 1,19,-1
 0 384 l 1,20,-1
 0 448 l 1,21,-1
 0 512 l 1,22,-1
 0 576 l 1,23,-1
 0 640 l 1,24,-1
 64 640 l 1,25,-1
 128 640 l 1,26,-1
 192 640 l 1,27,-1
 256 640 l 1,28,-1
 320 640 l 1,29,-1
 384 640 l 1,30,-1
 384 576 l 1,31,-1
 320 576 l 1,32,-1
 320 512 l 1,33,-1
 256 512 l 1,34,-1
 192 512 l 1,35,-1
 128 512 l 1,36,-1
 128 448 l 1,37,-1
 128 384 l 1,38,-1
 192 384 l 1,39,-1
 256 384 l 1,40,-1
 320 384 l 1,41,-1
 320 320 l 1,42,-1
 384 320 l 1,43,-1
 384 256 l 1,44,-1
 384 192 l 1,45,-1
 384 128 l 1,46,-1
 384 64 l 1,47,-1
 320 64 l 1,48,-1
 320 0 l 1,49,-1
 256 0 l 1,0,-1
EndSplineSet
EndChar

StartChar: six
Encoding: 54 54 24
Width: 448
GlyphClass: 1
Flags: W
LayerCount: 2
Fore
SplineSet
256 0 m 1,0,-1
 192 0 l 1,1,-1
 128 0 l 1,2,-1
 64 0 l 1,3,-1
 64 64 l 1,4,-1
 0 64 l 1,5,-1
 0 128 l 1,6,-1
 0 192 l 1,7,-1
 0 256 l 1,8,-1
 0 320 l 1,9,-1
 0 384 l 1,10,-1
 0 448 l 1,11,-1
 0 512 l 1,12,-1
 0 576 l 1,13,-1
 64 576 l 1,14,-1
 64 640 l 1,15,-1
 128 640 l 1,16,-1
 192 640 l 1,17,-1
 256 640 l 1,18,-1
 320 640 l 1,19,-1
 320 576 l 1,20,-1
 384 576 l 1,21,-1
 384 512 l 1,22,-1
 320 512 l 1,23,-1
 256 512 l 1,24,-1
 192 512 l 1,25,-1
 128 512 l 1,26,-1
 128 448 l 1,27,-1
 128 384 l 1,28,-1
 192 384 l 1,29,-1
 256 384 l 1,30,-1
 320 384 l 1,31,-1
 320 320 l 1,32,-1
 384 320 l 1,33,-1
 384 256 l 1,34,-1
 384 192 l 1,35,-1
 384 128 l 1,36,-1
 384 64 l 1,37,-1
 320 64 l 1,38,-1
 320 0 l 1,39,-1
 256 0 l 1,0,-1
192 128 m 1,40,-1
 256 128 l 1,41,-1
 256 192 l 1,42,-1
 256 256 l 1,43,-1
 192 256 l 1,44,-1
 128 256 l 1,45,-1
 128 192 l 1,46,-1
 128 128 l 1,47,-1
 192 128 l 1,40,-1
EndSplineSet
EndChar

StartChar: seven
Encoding: 55 55 25
Width: 448
GlyphClass: 1
Flags: W
LayerCount: 2
Fore
SplineSet
192 0 m 1,0,-1
 128 0 l 1,1,-1
 128 64 l 1,2,-1
 128 128 l 1,3,-1
 128 192 l 1,4,-1
 128 256 l 1,5,-1
 128 320 l 1,6,-1
 128 384 l 1,7,-1
 128 448 l 1,8,-1
 192 448 l 1,9,-1
 192 512 l 1,10,-1
 128 512 l 1,11,-1
 64 512 l 1,12,-1
 0 512 l 1,13,-1
 0 576 l 1,14,-1
 0 640 l 1,15,-1
 64 640 l 1,16,-1
 128 640 l 1,17,-1
 192 640 l 1,18,-1
 256 640 l 1,19,-1
 320 640 l 1,20,-1
 384 640 l 1,21,-1
 384 576 l 1,22,-1
 384 512 l 1,23,-1
 384 448 l 1,24,-1
 320 448 l 1,25,-1
 320 384 l 1,26,-1
 256 384 l 1,27,-1
 256 320 l 1,28,-1
 256 256 l 1,29,-1
 256 192 l 1,30,-1
 256 128 l 1,31,-1
 256 64 l 1,32,-1
 256 0 l 1,33,-1
 192 0 l 1,0,-1
EndSplineSet
EndChar

StartChar: eight
Encoding: 56 56 26
Width: 448
GlyphClass: 1
Flags: W
LayerCount: 2
Fore
SplineSet
256 0 m 1,0,-1
 192 0 l 1,1,-1
 128 0 l 1,2,-1
 64 0 l 1,3,-1
 64 64 l 1,4,-1
 0 64 l 1,5,-1
 0 128 l 1,6,-1
 0 192 l 1,7,-1
 0 256 l 1,8,-1
 64 256 l 1,9,-1
 64 320 l 1,10,-1
 64 384 l 1,11,-1
 0 384 l 1,12,-1
 0 448 l 1,13,-1
 0 512 l 1,14,-1
 0 576 l 1,15,-1
 64 576 l 1,16,-1
 64 640 l 1,17,-1
 128 640 l 1,18,-1
 192 640 l 1,19,-1
 256 640 l 1,20,-1
 320 640 l 1,21,-1
 320 576 l 1,22,-1
 384 576 l 1,23,-1
 384 512 l 1,24,-1
 384 448 l 1,25,-1
 384 384 l 1,26,-1
 320 384 l 1,27,-1
 320 320 l 1,28,-1
 320 256 l 1,29,-1
 384 256 l 1,30,-1
 384 192 l 1,31,-1
 384 128 l 1,32,-1
 384 64 l 1,33,-1
 320 64 l 1,34,-1
 320 0 l 1,35,-1
 256 0 l 1,0,-1
192 128 m 1,36,-1
 256 128 l 1,37,-1
 256 192 l 1,38,-1
 256 256 l 1,39,-1
 192 256 l 1,40,-1
 128 256 l 1,41,-1
 128 192 l 1,42,-1
 128 128 l 1,43,-1
 192 128 l 1,36,-1
192 384 m 1,44,-1
 256 384 l 1,45,-1
 256 448 l 1,46,-1
 256 512 l 1,47,-1
 192 512 l 1,48,-1
 128 512 l 1,49,-1
 128 448 l 1,50,-1
 128 384 l 1,51,-1
 192 384 l 1,44,-1
EndSplineSet
EndChar

StartChar: nine
Encoding: 57 57 27
Width: 448
GlyphClass: 1
Flags: W
LayerCount: 2
Fore
SplineSet
256 0 m 1,0,-1
 192 0 l 1,1,-1
 128 0 l 1,2,-1
 64 0 l 1,3,-1
 64 64 l 1,4,-1
 0 64 l 1,5,-1
 0 128 l 1,6,-1
 64 128 l 1,7,-1
 128 128 l 1,8,-1
 192 128 l 1,9,-1
 256 128 l 1,10,-1
 256 192 l 1,11,-1
 256 256 l 1,12,-1
 192 256 l 1,13,-1
 128 256 l 1,14,-1
 64 256 l 1,15,-1
 64 320 l 1,16,-1
 0 320 l 1,17,-1
 0 384 l 1,18,-1
 0 448 l 1,19,-1
 0 512 l 1,20,-1
 0 576 l 1,21,-1
 64 576 l 1,22,-1
 64 640 l 1,23,-1
 128 640 l 1,24,-1
 192 640 l 1,25,-1
 256 640 l 1,26,-1
 320 640 l 1,27,-1
 320 576 l 1,28,-1
 384 576 l 1,29,-1
 384 512 l 1,30,-1
 384 448 l 1,31,-1
 384 384 l 1,32,-1
 384 320 l 1,33,-1
 384 256 l 1,34,-1
 384 192 l 1,35,-1
 384 128 l 1,36,-1
 384 64 l 1,37,-1
 320 64 l 1,38,-1
 320 0 l 1,39,-1
 256 0 l 1,0,-1
192 384 m 1,40,-1
 256 384 l 1,41,-1
 256 448 l 1,42,-1
 256 512 l 1,43,-1
 192 512 l 1,44,-1
 128 512 l 1,45,-1
 128 448 l 1,46,-1
 128 384 l 1,47,-1
 192 384 l 1,40,-1
EndSplineSet
EndChar

StartChar: colon
Encoding: 58 58 28
Width: 256
GlyphClass: 1
Flags: W
LayerCount: 2
Fore
SplineSet
128 128 m 1,0,-1
 192 128 l 1,1,-1
 192 64 l 1,2,-1
 128 64 l 1,3,-1
 64 64 l 1,4,-1
 64 128 l 1,5,-1
 128 128 l 1,0,-1
128 448 m 1,6,-1
 192 448 l 1,7,-1
 192 384 l 1,8,-1
 128 384 l 1,9,-1
 64 384 l 1,10,-1
 64 448 l 1,11,-1
 128 448 l 1,6,-1
EndSplineSet
EndChar

StartChar: semicolon
Encoding: 59 59 29
Width: 256
GlyphClass: 1
Flags: W
LayerCount: 2
Fore
SplineSet
64 0 m 1,0,-1
 64 64 l 1,1,-1
 64 128 l 1,2,-1
 128 128 l 1,3,-1
 128 64 l 1,4,-1
 128 0 l 1,5,-1
 64 0 l 1,0,-1
128 448 m 1,6,-1
 192 448 l 1,7,-1
 192 384 l 1,8,-1
 128 384 l 1,9,-1
 64 384 l 1,10,-1
 64 448 l 1,11,-1
 128 448 l 1,6,-1
EndSplineSet
EndChar

StartChar: less
Encoding: 60 60 30
Width: 384
GlyphClass: 1
Flags: W
LayerCount: 2
Fore
SplineSet
256 192 m 1,0,-1
 192 192 l 1,1,-1
 128 192 l 1,2,-1
 64 192 l 1,3,-1
 64 256 l 1,4,-1
 0 256 l 1,5,-1
 0 320 l 1,6,-1
 0 384 l 1,7,-1
 0 448 l 1,8,-1
 64 448 l 1,9,-1
 64 512 l 1,10,-1
 128 512 l 1,11,-1
 192 512 l 1,12,-1
 256 512 l 1,13,-1
 320 512 l 1,14,-1
 320 448 l 1,15,-1
 256 448 l 1,16,-1
 256 384 l 1,17,-1
 192 384 l 1,18,-1
 128 384 l 1,19,-1
 128 320 l 1,20,-1
 192 320 l 1,21,-1
 256 320 l 1,22,-1
 256 256 l 1,23,-1
 320 256 l 1,24,-1
 320 192 l 1,25,-1
 256 192 l 1,0,-1
EndSplineSet
EndChar

StartChar: equal
Encoding: 61 61 31
Width: 448
GlyphClass: 1
Flags: W
LayerCount: 2
Fore
SplineSet
320 320 m 1,0,-1
 384 320 l 1,1,-1
 384 256 l 1,2,-1
 320 256 l 1,3,-1
 256 256 l 1,4,-1
 192 256 l 1,5,-1
 128 256 l 1,6,-1
 64 256 l 1,7,-1
 64 320 l 1,8,-1
 128 320 l 1,9,-1
 192 320 l 1,10,-1
 256 320 l 1,11,-1
 320 320 l 1,0,-1
320 448 m 1,12,-1
 384 448 l 1,13,-1
 384 384 l 1,14,-1
 320 384 l 1,15,-1
 256 384 l 1,16,-1
 192 384 l 1,17,-1
 128 384 l 1,18,-1
 64 384 l 1,19,-1
 64 448 l 1,20,-1
 128 448 l 1,21,-1
 192 448 l 1,22,-1
 256 448 l 1,23,-1
 320 448 l 1,12,-1
EndSplineSet
EndChar

StartChar: greater
Encoding: 62 62 32
Width: 384
GlyphClass: 1
Flags: W
LayerCount: 2
Fore
SplineSet
192 192 m 1,0,-1
 128 192 l 1,1,-1
 64 192 l 1,2,-1
 0 192 l 1,3,-1
 0 256 l 1,4,-1
 64 256 l 1,5,-1
 64 320 l 1,6,-1
 128 320 l 1,7,-1
 192 320 l 1,8,-1
 192 384 l 1,9,-1
 128 384 l 1,10,-1
 64 384 l 1,11,-1
 64 448 l 1,12,-1
 0 448 l 1,13,-1
 0 512 l 1,14,-1
 64 512 l 1,15,-1
 128 512 l 1,16,-1
 192 512 l 1,17,-1
 256 512 l 1,18,-1
 256 448 l 1,19,-1
 320 448 l 1,20,-1
 320 384 l 1,21,-1
 320 320 l 1,22,-1
 320 256 l 1,23,-1
 256 256 l 1,24,-1
 256 192 l 1,25,-1
 192 192 l 1,0,-1
EndSplineSet
EndChar

StartChar: question
Encoding: 63 63 33
Width: 448
GlyphClass: 1
Flags: W
LayerCount: 2
Fore
SplineSet
192 0 m 1,0,-1
 128 0 l 1,1,-1
 128 64 l 1,2,-1
 128 128 l 1,3,-1
 192 128 l 1,4,-1
 256 128 l 1,5,-1
 256 64 l 1,6,-1
 256 0 l 1,7,-1
 192 0 l 1,0,-1
192 192 m 1,8,-1
 128 192 l 1,9,-1
 128 256 l 1,10,-1
 128 320 l 1,11,-1
 128 384 l 1,12,-1
 128 448 l 1,13,-1
 192 448 l 1,14,-1
 192 512 l 1,15,-1
 256 512 l 1,16,-1
 256 576 l 1,17,-1
 256 640 l 1,18,-1
 192 640 l 1,19,-1
 128 640 l 1,20,-1
 128 576 l 1,21,-1
 128 512 l 1,22,-1
 64 512 l 1,23,-1
 0 512 l 1,24,-1
 0 576 l 1,25,-1
 0 640 l 1,26,-1
 0 704 l 1,27,-1
 64 704 l 1,28,-1
 64 768 l 1,29,-1
 128 768 l 1,30,-1
 192 768 l 1,31,-1
 256 768 l 1,32,-1
 320 768 l 1,33,-1
 320 704 l 1,34,-1
 384 704 l 1,35,-1
 384 640 l 1,36,-1
 384 576 l 1,37,-1
 384 512 l 1,38,-1
 384 448 l 1,39,-1
 320 448 l 1,40,-1
 320 384 l 1,41,-1
 256 384 l 1,42,-1
 256 320 l 1,43,-1
 256 256 l 1,44,-1
 256 192 l 1,45,-1
 192 192 l 1,8,-1
EndSplineSet
EndChar

StartChar: A
Encoding: 65 65 34
Width: 448
GlyphClass: 1
Flags: W
LayerCount: 2
Fore
SplineSet
320 0 m 1,0,-1
 320 64 l 1,1,-1
 256 64 l 1,2,-1
 256 128 l 1,3,-1
 256 192 l 1,4,-1
 256 256 l 1,5,-1
 192 256 l 1,6,-1
 128 256 l 1,7,-1
 128 192 l 1,8,-1
 128 128 l 1,9,-1
 128 64 l 1,10,-1
 64 64 l 1,11,-1
 64 0 l 1,12,-1
 0 0 l 1,13,-1
 0 64 l 1,14,-1
 0 128 l 1,15,-1
 0 192 l 1,16,-1
 0 256 l 1,17,-1
 0 320 l 1,18,-1
 0 384 l 1,19,-1
 0 448 l 1,20,-1
 0 512 l 1,21,-1
 0 576 l 1,22,-1
 64 576 l 1,23,-1
 64 640 l 1,24,-1
 128 640 l 1,25,-1
 192 640 l 1,26,-1
 256 640 l 1,27,-1
 320 640 l 1,28,-1
 320 576 l 1,29,-1
 384 576 l 1,30,-1
 384 512 l 1,31,-1
 384 448 l 1,32,-1
 384 384 l 1,33,-1
 384 320 l 1,34,-1
 384 256 l 1,35,-1
 384 192 l 1,36,-1
 384 128 l 1,37,-1
 384 64 l 1,38,-1
 384 0 l 1,39,-1
 320 0 l 1,0,-1
192 384 m 1,40,-1
 256 384 l 1,41,-1
 256 448 l 1,42,-1
 256 512 l 1,43,-1
 192 512 l 1,44,-1
 128 512 l 1,45,-1
 128 448 l 1,46,-1
 128 384 l 1,47,-1
 192 384 l 1,40,-1
EndSplineSet
EndChar

StartChar: B
Encoding: 66 66 35
Width: 512
GlyphClass: 1
Flags: W
LayerCount: 2
Fore
SplineSet
320 0 m 1,0,-1
 256 0 l 1,1,-1
 192 0 l 1,2,-1
 128 0 l 1,3,-1
 64 0 l 1,4,-1
 0 0 l 1,5,-1
 0 64 l 1,6,-1
 64 64 l 1,7,-1
 64 128 l 1,8,-1
 64 192 l 1,9,-1
 64 256 l 1,10,-1
 64 320 l 1,11,-1
 64 384 l 1,12,-1
 64 448 l 1,13,-1
 64 512 l 1,14,-1
 64 576 l 1,15,-1
 0 576 l 1,16,-1
 0 640 l 1,17,-1
 64 640 l 1,18,-1
 128 640 l 1,19,-1
 192 640 l 1,20,-1
 256 640 l 1,21,-1
 320 640 l 1,22,-1
 384 640 l 1,23,-1
 384 576 l 1,24,-1
 448 576 l 1,25,-1
 448 512 l 1,26,-1
 448 448 l 1,27,-1
 448 384 l 1,28,-1
 384 384 l 1,29,-1
 384 320 l 1,30,-1
 384 256 l 1,31,-1
 448 256 l 1,32,-1
 448 192 l 1,33,-1
 448 128 l 1,34,-1
 448 64 l 1,35,-1
 384 64 l 1,36,-1
 384 0 l 1,37,-1
 320 0 l 1,0,-1
256 128 m 1,38,-1
 320 128 l 1,39,-1
 320 192 l 1,40,-1
 320 256 l 1,41,-1
 256 256 l 1,42,-1
 192 256 l 1,43,-1
 192 192 l 1,44,-1
 192 128 l 1,45,-1
 256 128 l 1,38,-1
256 384 m 1,46,-1
 320 384 l 1,47,-1
 320 448 l 1,48,-1
 320 512 l 1,49,-1
 256 512 l 1,50,-1
 192 512 l 1,51,-1
 192 448 l 1,52,-1
 192 384 l 1,53,-1
 256 384 l 1,46,-1
EndSplineSet
EndChar

StartChar: C
Encoding: 67 67 36
Width: 448
GlyphClass: 1
Flags: W
LayerCount: 2
Fore
SplineSet
320 384 m 1,0,-1
 320 448 l 1,1,-1
 256 448 l 1,2,-1
 256 512 l 1,3,-1
 192 512 l 1,4,-1
 128 512 l 1,5,-1
 128 448 l 1,6,-1
 128 384 l 1,7,-1
 128 320 l 1,8,-1
 128 256 l 1,9,-1
 128 192 l 1,10,-1
 128 128 l 1,11,-1
 192 128 l 1,12,-1
 256 128 l 1,13,-1
 256 192 l 1,14,-1
 320 192 l 1,15,-1
 320 256 l 1,16,-1
 384 256 l 1,17,-1
 384 192 l 1,18,-1
 384 128 l 1,19,-1
 384 64 l 1,20,-1
 320 64 l 1,21,-1
 320 0 l 1,22,-1
 256 0 l 1,23,-1
 192 0 l 1,24,-1
 128 0 l 1,25,-1
 64 0 l 1,26,-1
 64 64 l 1,27,-1
 0 64 l 1,28,-1
 0 128 l 1,29,-1
 0 192 l 1,30,-1
 0 256 l 1,31,-1
 0 320 l 1,32,-1
 0 384 l 1,33,-1
 0 448 l 1,34,-1
 0 512 l 1,35,-1
 0 576 l 1,36,-1
 64 576 l 1,37,-1
 64 640 l 1,38,-1
 128 640 l 1,39,-1
 192 640 l 1,40,-1
 256 640 l 1,41,-1
 320 640 l 1,42,-1
 320 576 l 1,43,-1
 384 576 l 1,44,-1
 384 512 l 1,45,-1
 384 448 l 1,46,-1
 384 384 l 1,47,-1
 320 384 l 1,0,-1
EndSplineSet
EndChar

StartChar: D
Encoding: 68 68 37
Width: 512
GlyphClass: 1
Flags: W
LayerCount: 2
Fore
SplineSet
320 0 m 1,0,-1
 256 0 l 1,1,-1
 192 0 l 1,2,-1
 128 0 l 1,3,-1
 64 0 l 1,4,-1
 0 0 l 1,5,-1
 0 64 l 1,6,-1
 64 64 l 1,7,-1
 64 128 l 1,8,-1
 64 192 l 1,9,-1
 64 256 l 1,10,-1
 64 320 l 1,11,-1
 64 384 l 1,12,-1
 64 448 l 1,13,-1
 64 512 l 1,14,-1
 64 576 l 1,15,-1
 0 576 l 1,16,-1
 0 640 l 1,17,-1
 64 640 l 1,18,-1
 128 640 l 1,19,-1
 192 640 l 1,20,-1
 256 640 l 1,21,-1
 320 640 l 1,22,-1
 384 640 l 1,23,-1
 384 576 l 1,24,-1
 448 576 l 1,25,-1
 448 512 l 1,26,-1
 448 448 l 1,27,-1
 448 384 l 1,28,-1
 448 320 l 1,29,-1
 448 256 l 1,30,-1
 448 192 l 1,31,-1
 448 128 l 1,32,-1
 448 64 l 1,33,-1
 384 64 l 1,34,-1
 384 0 l 1,35,-1
 320 0 l 1,0,-1
256 128 m 1,36,-1
 320 128 l 1,37,-1
 320 192 l 1,38,-1
 320 256 l 1,39,-1
 320 320 l 1,40,-1
 320 384 l 1,41,-1
 320 448 l 1,42,-1
 320 512 l 1,43,-1
 256 512 l 1,44,-1
 192 512 l 1,45,-1
 192 448 l 1,46,-1
 192 384 l 1,47,-1
 192 320 l 1,48,-1
 192 256 l 1,49,-1
 192 192 l 1,50,-1
 192 128 l 1,51,-1
 256 128 l 1,36,-1
EndSplineSet
EndChar

StartChar: E
Encoding: 69 69 38
Width: 512
GlyphClass: 1
Flags: W
LayerCount: 2
Fore
SplineSet
384 0 m 1,0,-1
 320 0 l 1,1,-1
 256 0 l 1,2,-1
 192 0 l 1,3,-1
 128 0 l 1,4,-1
 64 0 l 1,5,-1
 0 0 l 1,6,-1
 0 64 l 1,7,-1
 64 64 l 1,8,-1
 64 128 l 1,9,-1
 64 192 l 1,10,-1
 64 256 l 1,11,-1
 64 320 l 1,12,-1
 64 384 l 1,13,-1
 64 448 l 1,14,-1
 64 512 l 1,15,-1
 64 576 l 1,16,-1
 0 576 l 1,17,-1
 0 640 l 1,18,-1
 64 640 l 1,19,-1
 128 640 l 1,20,-1
 192 640 l 1,21,-1
 256 640 l 1,22,-1
 320 640 l 1,23,-1
 384 640 l 1,24,-1
 448 640 l 1,25,-1
 448 576 l 1,26,-1
 384 576 l 1,27,-1
 384 512 l 1,28,-1
 320 512 l 1,29,-1
 256 512 l 1,30,-1
 192 512 l 1,31,-1
 192 448 l 1,32,-1
 192 384 l 1,33,-1
 256 384 l 1,34,-1
 320 384 l 1,35,-1
 384 384 l 1,36,-1
 448 384 l 1,37,-1
 448 320 l 1,38,-1
 448 256 l 1,39,-1
 384 256 l 1,40,-1
 320 256 l 1,41,-1
 256 256 l 1,42,-1
 192 256 l 1,43,-1
 192 192 l 1,44,-1
 192 128 l 1,45,-1
 256 128 l 1,46,-1
 320 128 l 1,47,-1
 384 128 l 1,48,-1
 384 64 l 1,49,-1
 448 64 l 1,50,-1
 448 0 l 1,51,-1
 384 0 l 1,0,-1
EndSplineSet
EndChar

StartChar: F
Encoding: 70 70 39
Width: 512
GlyphClass: 1
Flags: W
LayerCount: 2
Fore
SplineSet
192 0 m 1,0,-1
 128 0 l 1,1,-1
 64 0 l 1,2,-1
 0 0 l 1,3,-1
 0 64 l 1,4,-1
 64 64 l 1,5,-1
 64 128 l 1,6,-1
 64 192 l 1,7,-1
 64 256 l 1,8,-1
 64 320 l 1,9,-1
 64 384 l 1,10,-1
 64 448 l 1,11,-1
 64 512 l 1,12,-1
 64 576 l 1,13,-1
 0 576 l 1,14,-1
 0 640 l 1,15,-1
 64 640 l 1,16,-1
 128 640 l 1,17,-1
 192 640 l 1,18,-1
 256 640 l 1,19,-1
 320 640 l 1,20,-1
 384 640 l 1,21,-1
 448 640 l 1,22,-1
 448 576 l 1,23,-1
 384 576 l 1,24,-1
 384 512 l 1,25,-1
 320 512 l 1,26,-1
 256 512 l 1,27,-1
 192 512 l 1,28,-1
 192 448 l 1,29,-1
 192 384 l 1,30,-1
 256 384 l 1,31,-1
 320 384 l 1,32,-1
 384 384 l 1,33,-1
 448 384 l 1,34,-1
 448 320 l 1,35,-1
 384 320 l 1,36,-1
 384 256 l 1,37,-1
 320 256 l 1,38,-1
 256 256 l 1,39,-1
 192 256 l 1,40,-1
 192 192 l 1,41,-1
 192 128 l 1,42,-1
 192 64 l 1,43,-1
 256 64 l 1,44,-1
 256 0 l 1,45,-1
 192 0 l 1,0,-1
EndSplineSet
EndChar

StartChar: G
Encoding: 71 71 40
Width: 448
GlyphClass: 1
Flags: W
LayerCount: 2
Fore
SplineSet
320 384 m 1,0,-1
 320 448 l 1,1,-1
 256 448 l 1,2,-1
 256 512 l 1,3,-1
 192 512 l 1,4,-1
 128 512 l 1,5,-1
 128 448 l 1,6,-1
 128 384 l 1,7,-1
 128 320 l 1,8,-1
 128 256 l 1,9,-1
 128 192 l 1,10,-1
 128 128 l 1,11,-1
 192 128 l 1,12,-1
 256 128 l 1,13,-1
 256 192 l 1,14,-1
 256 256 l 1,15,-1
 192 256 l 1,16,-1
 192 320 l 1,17,-1
 256 320 l 1,18,-1
 320 320 l 1,19,-1
 384 320 l 1,20,-1
 384 256 l 1,21,-1
 384 192 l 1,22,-1
 384 128 l 1,23,-1
 384 64 l 1,24,-1
 320 64 l 1,25,-1
 320 0 l 1,26,-1
 256 0 l 1,27,-1
 192 0 l 1,28,-1
 128 0 l 1,29,-1
 64 0 l 1,30,-1
 64 64 l 1,31,-1
 0 64 l 1,32,-1
 0 128 l 1,33,-1
 0 192 l 1,34,-1
 0 256 l 1,35,-1
 0 320 l 1,36,-1
 0 384 l 1,37,-1
 0 448 l 1,38,-1
 0 512 l 1,39,-1
 0 576 l 1,40,-1
 64 576 l 1,41,-1
 64 640 l 1,42,-1
 128 640 l 1,43,-1
 192 640 l 1,44,-1
 256 640 l 1,45,-1
 320 640 l 1,46,-1
 320 576 l 1,47,-1
 384 576 l 1,48,-1
 384 512 l 1,49,-1
 384 448 l 1,50,-1
 384 384 l 1,51,-1
 320 384 l 1,0,-1
EndSplineSet
EndChar

StartChar: H
Encoding: 72 72 41
Width: 448
GlyphClass: 1
Flags: W
LayerCount: 2
Fore
SplineSet
320 0 m 1,0,-1
 320 64 l 1,1,-1
 256 64 l 1,2,-1
 256 128 l 1,3,-1
 256 192 l 1,4,-1
 256 256 l 1,5,-1
 192 256 l 1,6,-1
 128 256 l 1,7,-1
 128 192 l 1,8,-1
 128 128 l 1,9,-1
 128 64 l 1,10,-1
 64 64 l 1,11,-1
 64 0 l 1,12,-1
 0 0 l 1,13,-1
 0 64 l 1,14,-1
 0 128 l 1,15,-1
 0 192 l 1,16,-1
 0 256 l 1,17,-1
 0 320 l 1,18,-1
 0 384 l 1,19,-1
 0 448 l 1,20,-1
 0 512 l 1,21,-1
 0 576 l 1,22,-1
 0 640 l 1,23,-1
 64 640 l 1,24,-1
 64 576 l 1,25,-1
 128 576 l 1,26,-1
 128 512 l 1,27,-1
 128 448 l 1,28,-1
 128 384 l 1,29,-1
 192 384 l 1,30,-1
 256 384 l 1,31,-1
 256 448 l 1,32,-1
 256 512 l 1,33,-1
 256 576 l 1,34,-1
 320 576 l 1,35,-1
 320 640 l 1,36,-1
 384 640 l 1,37,-1
 384 576 l 1,38,-1
 384 512 l 1,39,-1
 384 448 l 1,40,-1
 384 384 l 1,41,-1
 384 320 l 1,42,-1
 384 256 l 1,43,-1
 384 192 l 1,44,-1
 384 128 l 1,45,-1
 384 64 l 1,46,-1
 384 0 l 1,47,-1
 320 0 l 1,0,-1
EndSplineSet
EndChar

StartChar: I
Encoding: 73 73 42
Width: 320
GlyphClass: 1
Flags: W
LayerCount: 2
Fore
SplineSet
192 0 m 1,0,-1
 128 0 l 1,1,-1
 64 0 l 1,2,-1
 0 0 l 1,3,-1
 0 64 l 1,4,-1
 64 64 l 1,5,-1
 64 128 l 1,6,-1
 64 192 l 1,7,-1
 64 256 l 1,8,-1
 64 320 l 1,9,-1
 64 384 l 1,10,-1
 64 448 l 1,11,-1
 64 512 l 1,12,-1
 64 576 l 1,13,-1
 0 576 l 1,14,-1
 0 640 l 1,15,-1
 64 640 l 1,16,-1
 128 640 l 1,17,-1
 192 640 l 1,18,-1
 256 640 l 1,19,-1
 256 576 l 1,20,-1
 192 576 l 1,21,-1
 192 512 l 1,22,-1
 192 448 l 1,23,-1
 192 384 l 1,24,-1
 192 320 l 1,25,-1
 192 256 l 1,26,-1
 192 192 l 1,27,-1
 192 128 l 1,28,-1
 192 64 l 1,29,-1
 256 64 l 1,30,-1
 256 0 l 1,31,-1
 192 0 l 1,0,-1
EndSplineSet
EndChar

StartChar: J
Encoding: 74 74 43
Width: 512
GlyphClass: 1
Flags: W
LayerCount: 2
Fore
SplineSet
256 0 m 1,0,-1
 192 0 l 1,1,-1
 128 0 l 1,2,-1
 64 0 l 1,3,-1
 64 64 l 1,4,-1
 0 64 l 1,5,-1
 0 128 l 1,6,-1
 0 192 l 1,7,-1
 0 256 l 1,8,-1
 64 256 l 1,9,-1
 64 192 l 1,10,-1
 128 192 l 1,11,-1
 128 128 l 1,12,-1
 192 128 l 1,13,-1
 256 128 l 1,14,-1
 256 192 l 1,15,-1
 256 256 l 1,16,-1
 256 320 l 1,17,-1
 256 384 l 1,18,-1
 256 448 l 1,19,-1
 256 512 l 1,20,-1
 256 576 l 1,21,-1
 192 576 l 1,22,-1
 192 640 l 1,23,-1
 256 640 l 1,24,-1
 320 640 l 1,25,-1
 384 640 l 1,26,-1
 448 640 l 1,27,-1
 448 576 l 1,28,-1
 384 576 l 1,29,-1
 384 512 l 1,30,-1
 384 448 l 1,31,-1
 384 384 l 1,32,-1
 384 320 l 1,33,-1
 384 256 l 1,34,-1
 384 192 l 1,35,-1
 384 128 l 1,36,-1
 384 64 l 1,37,-1
 320 64 l 1,38,-1
 320 0 l 1,39,-1
 256 0 l 1,0,-1
EndSplineSet
EndChar

StartChar: K
Encoding: 75 75 44
Width: 448
GlyphClass: 1
Flags: W
LayerCount: 2
Fore
SplineSet
256 0 m 1,0,-1
 256 64 l 1,1,-1
 256 128 l 1,2,-1
 256 192 l 1,3,-1
 192 192 l 1,4,-1
 192 256 l 1,5,-1
 128 256 l 1,6,-1
 128 192 l 1,7,-1
 128 128 l 1,8,-1
 128 64 l 1,9,-1
 64 64 l 1,10,-1
 64 0 l 1,11,-1
 0 0 l 1,12,-1
 0 64 l 1,13,-1
 0 128 l 1,14,-1
 0 192 l 1,15,-1
 0 256 l 1,16,-1
 0 320 l 1,17,-1
 0 384 l 1,18,-1
 0 448 l 1,19,-1
 0 512 l 1,20,-1
 0 576 l 1,21,-1
 0 640 l 1,22,-1
 64 640 l 1,23,-1
 64 576 l 1,24,-1
 128 576 l 1,25,-1
 128 512 l 1,26,-1
 128 448 l 1,27,-1
 128 384 l 1,28,-1
 192 384 l 1,29,-1
 192 448 l 1,30,-1
 256 448 l 1,31,-1
 256 512 l 1,32,-1
 256 576 l 1,33,-1
 256 640 l 1,34,-1
 320 640 l 1,35,-1
 320 576 l 1,36,-1
 384 576 l 1,37,-1
 384 512 l 1,38,-1
 384 448 l 1,39,-1
 384 384 l 1,40,-1
 320 384 l 1,41,-1
 320 320 l 1,42,-1
 320 256 l 1,43,-1
 384 256 l 1,44,-1
 384 192 l 1,45,-1
 384 128 l 1,46,-1
 384 64 l 1,47,-1
 320 64 l 1,48,-1
 320 0 l 1,49,-1
 256 0 l 1,0,-1
EndSplineSet
EndChar

StartChar: L
Encoding: 76 76 45
Width: 448
GlyphClass: 1
Flags: W
LayerCount: 2
Fore
SplineSet
320 0 m 1,0,-1
 256 0 l 1,1,-1
 192 0 l 1,2,-1
 128 0 l 1,3,-1
 64 0 l 1,4,-1
 0 0 l 1,5,-1
 0 64 l 1,6,-1
 0 128 l 1,7,-1
 0 192 l 1,8,-1
 0 256 l 1,9,-1
 0 320 l 1,10,-1
 0 384 l 1,11,-1
 0 448 l 1,12,-1
 0 512 l 1,13,-1
 0 576 l 1,14,-1
 0 640 l 1,15,-1
 64 640 l 1,16,-1
 64 576 l 1,17,-1
 128 576 l 1,18,-1
 128 512 l 1,19,-1
 128 448 l 1,20,-1
 128 384 l 1,21,-1
 128 320 l 1,22,-1
 128 256 l 1,23,-1
 128 192 l 1,24,-1
 128 128 l 1,25,-1
 192 128 l 1,26,-1
 256 128 l 1,27,-1
 320 128 l 1,28,-1
 320 64 l 1,29,-1
 384 64 l 1,30,-1
 384 0 l 1,31,-1
 320 0 l 1,0,-1
EndSplineSet
EndChar

StartChar: M
Encoding: 77 77 46
Width: 576
GlyphClass: 1
Flags: W
LayerCount: 2
Fore
SplineSet
448 0 m 1,0,-1
 448 64 l 1,1,-1
 384 64 l 1,2,-1
 384 128 l 1,3,-1
 384 192 l 1,4,-1
 384 256 l 1,5,-1
 384 320 l 1,6,-1
 384 384 l 1,7,-1
 384 448 l 1,8,-1
 384 512 l 1,9,-1
 320 512 l 1,10,-1
 320 448 l 1,11,-1
 320 384 l 1,12,-1
 320 320 l 1,13,-1
 320 256 l 1,14,-1
 320 192 l 1,15,-1
 320 128 l 1,16,-1
 320 64 l 1,17,-1
 256 64 l 1,18,-1
 192 64 l 1,19,-1
 192 128 l 1,20,-1
 192 192 l 1,21,-1
 192 256 l 1,22,-1
 192 320 l 1,23,-1
 192 384 l 1,24,-1
 192 448 l 1,25,-1
 192 512 l 1,26,-1
 128 512 l 1,27,-1
 128 448 l 1,28,-1
 128 384 l 1,29,-1
 128 320 l 1,30,-1
 128 256 l 1,31,-1
 128 192 l 1,32,-1
 128 128 l 1,33,-1
 128 64 l 1,34,-1
 64 64 l 1,35,-1
 64 0 l 1,36,-1
 0 0 l 1,37,-1
 0 64 l 1,38,-1
 0 128 l 1,39,-1
 0 192 l 1,40,-1
 0 256 l 1,41,-1
 0 320 l 1,42,-1
 0 384 l 1,43,-1
 0 448 l 1,44,-1
 0 512 l 1,45,-1
 0 576 l 1,46,-1
 64 576 l 1,47,-1
 64 640 l 1,48,-1
 128 640 l 1,49,-1
 192 640 l 1,50,-1
 256 640 l 1,51,-1
 320 640 l 1,52,-1
 384 640 l 1,53,-1
 448 640 l 1,54,-1
 448 576 l 1,55,-1
 512 576 l 1,56,-1
 512 512 l 1,57,-1
 512 448 l 1,58,-1
 512 384 l 1,59,-1
 512 320 l 1,60,-1
 512 256 l 1,61,-1
 512 192 l 1,62,-1
 512 128 l 1,63,-1
 512 64 l 1,64,-1
 512 0 l 1,65,-1
 448 0 l 1,0,-1
EndSplineSet
EndChar

StartChar: N
Encoding: 78 78 47
Width: 448
GlyphClass: 1
Flags: W
LayerCount: 2
Fore
SplineSet
320 0 m 1,0,-1
 320 64 l 1,1,-1
 256 64 l 1,2,-1
 256 128 l 1,3,-1
 256 192 l 1,4,-1
 256 256 l 1,5,-1
 256 320 l 1,6,-1
 256 384 l 1,7,-1
 256 448 l 1,8,-1
 256 512 l 1,9,-1
 192 512 l 1,10,-1
 128 512 l 1,11,-1
 128 448 l 1,12,-1
 128 384 l 1,13,-1
 128 320 l 1,14,-1
 128 256 l 1,15,-1
 128 192 l 1,16,-1
 128 128 l 1,17,-1
 128 64 l 1,18,-1
 64 64 l 1,19,-1
 64 0 l 1,20,-1
 0 0 l 1,21,-1
 0 64 l 1,22,-1
 0 128 l 1,23,-1
 0 192 l 1,24,-1
 0 256 l 1,25,-1
 0 320 l 1,26,-1
 0 384 l 1,27,-1
 0 448 l 1,28,-1
 0 512 l 1,29,-1
 0 576 l 1,30,-1
 0 640 l 1,31,-1
 64 640 l 1,32,-1
 128 640 l 1,33,-1
 192 640 l 1,34,-1
 256 640 l 1,35,-1
 320 640 l 1,36,-1
 320 576 l 1,37,-1
 384 576 l 1,38,-1
 384 512 l 1,39,-1
 384 448 l 1,40,-1
 384 384 l 1,41,-1
 384 320 l 1,42,-1
 384 256 l 1,43,-1
 384 192 l 1,44,-1
 384 128 l 1,45,-1
 384 64 l 1,46,-1
 384 0 l 1,47,-1
 320 0 l 1,0,-1
EndSplineSet
EndChar

StartChar: O
Encoding: 79 79 48
Width: 448
GlyphClass: 1
Flags: W
LayerCount: 2
Fore
SplineSet
256 0 m 1,0,-1
 192 0 l 1,1,-1
 128 0 l 1,2,-1
 64 0 l 1,3,-1
 64 64 l 1,4,-1
 0 64 l 1,5,-1
 0 128 l 1,6,-1
 0 192 l 1,7,-1
 0 256 l 1,8,-1
 0 320 l 1,9,-1
 0 384 l 1,10,-1
 0 448 l 1,11,-1
 0 512 l 1,12,-1
 0 576 l 1,13,-1
 64 576 l 1,14,-1
 64 640 l 1,15,-1
 128 640 l 1,16,-1
 192 640 l 1,17,-1
 256 640 l 1,18,-1
 320 640 l 1,19,-1
 320 576 l 1,20,-1
 384 576 l 1,21,-1
 384 512 l 1,22,-1
 384 448 l 1,23,-1
 384 384 l 1,24,-1
 384 320 l 1,25,-1
 384 256 l 1,26,-1
 384 192 l 1,27,-1
 384 128 l 1,28,-1
 384 64 l 1,29,-1
 320 64 l 1,30,-1
 320 0 l 1,31,-1
 256 0 l 1,0,-1
192 128 m 1,32,-1
 256 128 l 1,33,-1
 256 192 l 1,34,-1
 256 256 l 1,35,-1
 256 320 l 1,36,-1
 256 384 l 1,37,-1
 256 448 l 1,38,-1
 256 512 l 1,39,-1
 192 512 l 1,40,-1
 128 512 l 1,41,-1
 128 448 l 1,42,-1
 128 384 l 1,43,-1
 128 320 l 1,44,-1
 128 256 l 1,45,-1
 128 192 l 1,46,-1
 128 128 l 1,47,-1
 192 128 l 1,32,-1
EndSplineSet
EndChar

StartChar: P
Encoding: 80 80 49
Width: 512
GlyphClass: 1
Flags: W
LayerCount: 2
Fore
SplineSet
192 0 m 1,0,-1
 128 0 l 1,1,-1
 64 0 l 1,2,-1
 0 0 l 1,3,-1
 0 64 l 1,4,-1
 64 64 l 1,5,-1
 64 128 l 1,6,-1
 64 192 l 1,7,-1
 64 256 l 1,8,-1
 64 320 l 1,9,-1
 64 384 l 1,10,-1
 64 448 l 1,11,-1
 64 512 l 1,12,-1
 64 576 l 1,13,-1
 0 576 l 1,14,-1
 0 640 l 1,15,-1
 64 640 l 1,16,-1
 128 640 l 1,17,-1
 192 640 l 1,18,-1
 256 640 l 1,19,-1
 320 640 l 1,20,-1
 384 640 l 1,21,-1
 384 576 l 1,22,-1
 448 576 l 1,23,-1
 448 512 l 1,24,-1
 448 448 l 1,25,-1
 448 384 l 1,26,-1
 448 320 l 1,27,-1
 384 320 l 1,28,-1
 384 256 l 1,29,-1
 320 256 l 1,30,-1
 256 256 l 1,31,-1
 192 256 l 1,32,-1
 192 192 l 1,33,-1
 192 128 l 1,34,-1
 192 64 l 1,35,-1
 256 64 l 1,36,-1
 256 0 l 1,37,-1
 192 0 l 1,0,-1
256 384 m 1,38,-1
 320 384 l 1,39,-1
 320 448 l 1,40,-1
 320 512 l 1,41,-1
 256 512 l 1,42,-1
 192 512 l 1,43,-1
 192 448 l 1,44,-1
 192 384 l 1,45,-1
 256 384 l 1,38,-1
EndSplineSet
EndChar

StartChar: Q
Encoding: 81 81 50
Width: 512
GlyphClass: 1
Flags: W
LayerCount: 2
Fore
SplineSet
384 0 m 1,0,-1
 320 0 l 1,1,-1
 256 0 l 1,2,-1
 192 0 l 1,3,-1
 128 0 l 1,4,-1
 64 0 l 1,5,-1
 64 64 l 1,6,-1
 0 64 l 1,7,-1
 0 128 l 1,8,-1
 0 192 l 1,9,-1
 0 256 l 1,10,-1
 0 320 l 1,11,-1
 0 384 l 1,12,-1
 0 448 l 1,13,-1
 0 512 l 1,14,-1
 0 576 l 1,15,-1
 64 576 l 1,16,-1
 64 640 l 1,17,-1
 128 640 l 1,18,-1
 192 640 l 1,19,-1
 256 640 l 1,20,-1
 320 640 l 1,21,-1
 320 576 l 1,22,-1
 384 576 l 1,23,-1
 384 512 l 1,24,-1
 384 448 l 1,25,-1
 384 384 l 1,26,-1
 384 320 l 1,27,-1
 384 256 l 1,28,-1
 384 192 l 1,29,-1
 384 128 l 1,30,-1
 448 128 l 1,31,-1
 448 64 l 1,32,-1
 448 0 l 1,33,-1
 384 0 l 1,0,-1
192 128 m 1,34,-1
 256 128 l 1,35,-1
 256 192 l 1,36,-1
 256 256 l 1,37,-1
 256 320 l 1,38,-1
 256 384 l 1,39,-1
 256 448 l 1,40,-1
 256 512 l 1,41,-1
 192 512 l 1,42,-1
 128 512 l 1,43,-1
 128 448 l 1,44,-1
 128 384 l 1,45,-1
 128 320 l 1,46,-1
 128 256 l 1,47,-1
 128 192 l 1,48,-1
 128 128 l 1,49,-1
 192 128 l 1,34,-1
EndSplineSet
EndChar

StartChar: R
Encoding: 82 82 51
Width: 448
GlyphClass: 1
Flags: W
LayerCount: 2
Fore
SplineSet
320 0 m 1,0,-1
 320 64 l 1,1,-1
 256 64 l 1,2,-1
 256 128 l 1,3,-1
 256 192 l 1,4,-1
 256 256 l 1,5,-1
 192 256 l 1,6,-1
 128 256 l 1,7,-1
 128 192 l 1,8,-1
 128 128 l 1,9,-1
 128 64 l 1,10,-1
 64 64 l 1,11,-1
 64 0 l 1,12,-1
 0 0 l 1,13,-1
 0 64 l 1,14,-1
 0 128 l 1,15,-1
 0 192 l 1,16,-1
 0 256 l 1,17,-1
 0 320 l 1,18,-1
 0 384 l 1,19,-1
 0 448 l 1,20,-1
 0 512 l 1,21,-1
 0 576 l 1,22,-1
 0 640 l 1,23,-1
 64 640 l 1,24,-1
 128 640 l 1,25,-1
 192 640 l 1,26,-1
 256 640 l 1,27,-1
 320 640 l 1,28,-1
 320 576 l 1,29,-1
 384 576 l 1,30,-1
 384 512 l 1,31,-1
 384 448 l 1,32,-1
 384 384 l 1,33,-1
 320 384 l 1,34,-1
 320 320 l 1,35,-1
 320 256 l 1,36,-1
 384 256 l 1,37,-1
 384 192 l 1,38,-1
 384 128 l 1,39,-1
 384 64 l 1,40,-1
 384 0 l 1,41,-1
 320 0 l 1,0,-1
192 384 m 1,42,-1
 256 384 l 1,43,-1
 256 448 l 1,44,-1
 256 512 l 1,45,-1
 192 512 l 1,46,-1
 128 512 l 1,47,-1
 128 448 l 1,48,-1
 128 384 l 1,49,-1
 192 384 l 1,42,-1
EndSplineSet
EndChar

StartChar: S
Encoding: 83 83 52
Width: 448
GlyphClass: 1
Flags: W
LayerCount: 2
Fore
SplineSet
256 0 m 1,0,-1
 192 0 l 1,1,-1
 128 0 l 1,2,-1
 64 0 l 1,3,-1
 64 64 l 1,4,-1
 0 64 l 1,5,-1
 0 128 l 1,6,-1
 64 128 l 1,7,-1
 128 128 l 1,8,-1
 192 128 l 1,9,-1
 256 128 l 1,10,-1
 256 192 l 1,11,-1
 256 256 l 1,12,-1
 192 256 l 1,13,-1
 128 256 l 1,14,-1
 64 256 l 1,15,-1
 64 320 l 1,16,-1
 0 320 l 1,17,-1
 0 384 l 1,18,-1
 0 448 l 1,19,-1
 0 512 l 1,20,-1
 0 576 l 1,21,-1
 64 576 l 1,22,-1
 64 640 l 1,23,-1
 128 640 l 1,24,-1
 192 640 l 1,25,-1
 256 640 l 1,26,-1
 320 640 l 1,27,-1
 320 576 l 1,28,-1
 384 576 l 1,29,-1
 384 512 l 1,30,-1
 320 512 l 1,31,-1
 256 512 l 1,32,-1
 192 512 l 1,33,-1
 128 512 l 1,34,-1
 128 448 l 1,35,-1
 128 384 l 1,36,-1
 192 384 l 1,37,-1
 256 384 l 1,38,-1
 320 384 l 1,39,-1
 320 320 l 1,40,-1
 384 320 l 1,41,-1
 384 256 l 1,42,-1
 384 192 l 1,43,-1
 384 128 l 1,44,-1
 384 64 l 1,45,-1
 320 64 l 1,46,-1
 320 0 l 1,47,-1
 256 0 l 1,0,-1
EndSplineSet
EndChar

StartChar: T
Encoding: 84 84 53
Width: 576
GlyphClass: 1
Flags: W
LayerCount: 2
Fore
SplineSet
320 0 m 1,0,-1
 256 0 l 1,1,-1
 192 0 l 1,2,-1
 128 0 l 1,3,-1
 128 64 l 1,4,-1
 192 64 l 1,5,-1
 192 128 l 1,6,-1
 192 192 l 1,7,-1
 192 256 l 1,8,-1
 192 320 l 1,9,-1
 192 384 l 1,10,-1
 192 448 l 1,11,-1
 192 512 l 1,12,-1
 128 512 l 1,13,-1
 64 512 l 1,14,-1
 64 576 l 1,15,-1
 0 576 l 1,16,-1
 0 640 l 1,17,-1
 64 640 l 1,18,-1
 128 640 l 1,19,-1
 192 640 l 1,20,-1
 256 640 l 1,21,-1
 320 640 l 1,22,-1
 384 640 l 1,23,-1
 448 640 l 1,24,-1
 512 640 l 1,25,-1
 512 576 l 1,26,-1
 448 576 l 1,27,-1
 448 512 l 1,28,-1
 384 512 l 1,29,-1
 320 512 l 1,30,-1
 320 448 l 1,31,-1
 320 384 l 1,32,-1
 320 320 l 1,33,-1
 320 256 l 1,34,-1
 320 192 l 1,35,-1
 320 128 l 1,36,-1
 320 64 l 1,37,-1
 384 64 l 1,38,-1
 384 0 l 1,39,-1
 320 0 l 1,0,-1
EndSplineSet
EndChar

StartChar: U
Encoding: 85 85 54
Width: 448
GlyphClass: 1
Flags: W
LayerCount: 2
Fore
SplineSet
256 0 m 1,0,-1
 192 0 l 1,1,-1
 128 0 l 1,2,-1
 64 0 l 1,3,-1
 64 64 l 1,4,-1
 0 64 l 1,5,-1
 0 128 l 1,6,-1
 0 192 l 1,7,-1
 0 256 l 1,8,-1
 0 320 l 1,9,-1
 0 384 l 1,10,-1
 0 448 l 1,11,-1
 0 512 l 1,12,-1
 0 576 l 1,13,-1
 64 576 l 1,14,-1
 64 640 l 1,15,-1
 128 640 l 1,16,-1
 128 576 l 1,17,-1
 128 512 l 1,18,-1
 128 448 l 1,19,-1
 128 384 l 1,20,-1
 128 320 l 1,21,-1
 128 256 l 1,22,-1
 128 192 l 1,23,-1
 128 128 l 1,24,-1
 192 128 l 1,25,-1
 256 128 l 1,26,-1
 256 192 l 1,27,-1
 256 256 l 1,28,-1
 256 320 l 1,29,-1
 256 384 l 1,30,-1
 256 448 l 1,31,-1
 256 512 l 1,32,-1
 256 576 l 1,33,-1
 256 640 l 1,34,-1
 320 640 l 1,35,-1
 320 576 l 1,36,-1
 384 576 l 1,37,-1
 384 512 l 1,38,-1
 384 448 l 1,39,-1
 384 384 l 1,40,-1
 384 320 l 1,41,-1
 384 256 l 1,42,-1
 384 192 l 1,43,-1
 384 128 l 1,44,-1
 384 64 l 1,45,-1
 320 64 l 1,46,-1
 320 0 l 1,47,-1
 256 0 l 1,0,-1
EndSplineSet
EndChar

StartChar: V
Encoding: 86 86 55
Width: 448
GlyphClass: 1
Flags: W
LayerCount: 2
Fore
SplineSet
192 0 m 1,0,-1
 128 0 l 1,1,-1
 128 64 l 1,2,-1
 64 64 l 1,3,-1
 64 128 l 1,4,-1
 0 128 l 1,5,-1
 0 192 l 1,6,-1
 0 256 l 1,7,-1
 0 320 l 1,8,-1
 0 384 l 1,9,-1
 0 448 l 1,10,-1
 0 512 l 1,11,-1
 0 576 l 1,12,-1
 0 640 l 1,13,-1
 64 640 l 1,14,-1
 64 576 l 1,15,-1
 128 576 l 1,16,-1
 128 512 l 1,17,-1
 128 448 l 1,18,-1
 128 384 l 1,19,-1
 128 320 l 1,20,-1
 128 256 l 1,21,-1
 128 192 l 1,22,-1
 192 192 l 1,23,-1
 256 192 l 1,24,-1
 256 256 l 1,25,-1
 256 320 l 1,26,-1
 256 384 l 1,27,-1
 256 448 l 1,28,-1
 256 512 l 1,29,-1
 256 576 l 1,30,-1
 320 576 l 1,31,-1
 320 640 l 1,32,-1
 384 640 l 1,33,-1
 384 576 l 1,34,-1
 384 512 l 1,35,-1
 384 448 l 1,36,-1
 384 384 l 1,37,-1
 384 320 l 1,38,-1
 384 256 l 1,39,-1
 384 192 l 1,40,-1
 384 128 l 1,41,-1
 320 128 l 1,42,-1
 320 64 l 1,43,-1
 256 64 l 1,44,-1
 256 0 l 1,45,-1
 192 0 l 1,0,-1
EndSplineSet
EndChar

StartChar: W
Encoding: 87 87 56
Width: 576
GlyphClass: 1
Flags: W
LayerCount: 2
Fore
SplineSet
320 0 m 1,0,-1
 320 64 l 1,1,-1
 256 64 l 1,2,-1
 192 64 l 1,3,-1
 192 0 l 1,4,-1
 128 0 l 1,5,-1
 128 64 l 1,6,-1
 64 64 l 1,7,-1
 64 128 l 1,8,-1
 0 128 l 1,9,-1
 0 192 l 1,10,-1
 0 256 l 1,11,-1
 0 320 l 1,12,-1
 0 384 l 1,13,-1
 0 448 l 1,14,-1
 0 512 l 1,15,-1
 0 576 l 1,16,-1
 0 640 l 1,17,-1
 64 640 l 1,18,-1
 64 576 l 1,19,-1
 128 576 l 1,20,-1
 128 512 l 1,21,-1
 128 448 l 1,22,-1
 128 384 l 1,23,-1
 128 320 l 1,24,-1
 128 256 l 1,25,-1
 128 192 l 1,26,-1
 192 192 l 1,27,-1
 192 256 l 1,28,-1
 192 320 l 1,29,-1
 192 384 l 1,30,-1
 192 448 l 1,31,-1
 192 512 l 1,32,-1
 192 576 l 1,33,-1
 256 576 l 1,34,-1
 320 576 l 1,35,-1
 320 512 l 1,36,-1
 320 448 l 1,37,-1
 320 384 l 1,38,-1
 320 320 l 1,39,-1
 320 256 l 1,40,-1
 320 192 l 1,41,-1
 384 192 l 1,42,-1
 384 256 l 1,43,-1
 384 320 l 1,44,-1
 384 384 l 1,45,-1
 384 448 l 1,46,-1
 384 512 l 1,47,-1
 384 576 l 1,48,-1
 448 576 l 1,49,-1
 448 640 l 1,50,-1
 512 640 l 1,51,-1
 512 576 l 1,52,-1
 512 512 l 1,53,-1
 512 448 l 1,54,-1
 512 384 l 1,55,-1
 512 320 l 1,56,-1
 512 256 l 1,57,-1
 512 192 l 1,58,-1
 512 128 l 1,59,-1
 448 128 l 1,60,-1
 448 64 l 1,61,-1
 384 64 l 1,62,-1
 384 0 l 1,63,-1
 320 0 l 1,0,-1
EndSplineSet
EndChar

StartChar: X
Encoding: 88 88 57
Width: 448
GlyphClass: 1
Flags: W
LayerCount: 2
Fore
SplineSet
320 0 m 1,0,-1
 320 64 l 1,1,-1
 256 64 l 1,2,-1
 256 128 l 1,3,-1
 256 192 l 1,4,-1
 256 256 l 1,5,-1
 192 256 l 1,6,-1
 128 256 l 1,7,-1
 128 192 l 1,8,-1
 128 128 l 1,9,-1
 128 64 l 1,10,-1
 64 64 l 1,11,-1
 64 0 l 1,12,-1
 0 0 l 1,13,-1
 0 64 l 1,14,-1
 0 128 l 1,15,-1
 0 192 l 1,16,-1
 0 256 l 1,17,-1
 64 256 l 1,18,-1
 64 320 l 1,19,-1
 64 384 l 1,20,-1
 0 384 l 1,21,-1
 0 448 l 1,22,-1
 0 512 l 1,23,-1
 0 576 l 1,24,-1
 0 640 l 1,25,-1
 64 640 l 1,26,-1
 64 576 l 1,27,-1
 128 576 l 1,28,-1
 128 512 l 1,29,-1
 128 448 l 1,30,-1
 128 384 l 1,31,-1
 192 384 l 1,32,-1
 256 384 l 1,33,-1
 256 448 l 1,34,-1
 256 512 l 1,35,-1
 256 576 l 1,36,-1
 320 576 l 1,37,-1
 320 640 l 1,38,-1
 384 640 l 1,39,-1
 384 576 l 1,40,-1
 384 512 l 1,41,-1
 384 448 l 1,42,-1
 384 384 l 1,43,-1
 320 384 l 1,44,-1
 320 320 l 1,45,-1
 320 256 l 1,46,-1
 384 256 l 1,47,-1
 384 192 l 1,48,-1
 384 128 l 1,49,-1
 384 64 l 1,50,-1
 384 0 l 1,51,-1
 320 0 l 1,0,-1
EndSplineSet
EndChar

StartChar: Y
Encoding: 89 89 58
Width: 448
GlyphClass: 1
Flags: W
LayerCount: 2
Fore
SplineSet
192 0 m 1,0,-1
 128 0 l 1,1,-1
 128 64 l 1,2,-1
 128 128 l 1,3,-1
 128 192 l 1,4,-1
 128 256 l 1,5,-1
 64 256 l 1,6,-1
 64 320 l 1,7,-1
 0 320 l 1,8,-1
 0 384 l 1,9,-1
 0 448 l 1,10,-1
 0 512 l 1,11,-1
 0 576 l 1,12,-1
 0 640 l 1,13,-1
 64 640 l 1,14,-1
 64 576 l 1,15,-1
 128 576 l 1,16,-1
 128 512 l 1,17,-1
 128 448 l 1,18,-1
 128 384 l 1,19,-1
 192 384 l 1,20,-1
 256 384 l 1,21,-1
 256 448 l 1,22,-1
 256 512 l 1,23,-1
 256 576 l 1,24,-1
 320 576 l 1,25,-1
 320 640 l 1,26,-1
 384 640 l 1,27,-1
 384 576 l 1,28,-1
 384 512 l 1,29,-1
 384 448 l 1,30,-1
 384 384 l 1,31,-1
 384 320 l 1,32,-1
 320 320 l 1,33,-1
 320 256 l 1,34,-1
 256 256 l 1,35,-1
 256 192 l 1,36,-1
 256 128 l 1,37,-1
 256 64 l 1,38,-1
 256 0 l 1,39,-1
 192 0 l 1,0,-1
EndSplineSet
EndChar

StartChar: Z
Encoding: 90 90 59
Width: 448
GlyphClass: 1
Flags: W
LayerCount: 2
Fore
SplineSet
320 0 m 1,0,-1
 256 0 l 1,1,-1
 192 0 l 1,2,-1
 128 0 l 1,3,-1
 64 0 l 1,4,-1
 0 0 l 1,5,-1
 0 64 l 1,6,-1
 0 128 l 1,7,-1
 0 192 l 1,8,-1
 0 256 l 1,9,-1
 0 320 l 1,10,-1
 64 320 l 1,11,-1
 64 384 l 1,12,-1
 128 384 l 1,13,-1
 192 384 l 1,14,-1
 256 384 l 1,15,-1
 256 448 l 1,16,-1
 256 512 l 1,17,-1
 192 512 l 1,18,-1
 128 512 l 1,19,-1
 64 512 l 1,20,-1
 64 576 l 1,21,-1
 0 576 l 1,22,-1
 0 640 l 1,23,-1
 64 640 l 1,24,-1
 128 640 l 1,25,-1
 192 640 l 1,26,-1
 256 640 l 1,27,-1
 320 640 l 1,28,-1
 384 640 l 1,29,-1
 384 576 l 1,30,-1
 384 512 l 1,31,-1
 384 448 l 1,32,-1
 384 384 l 1,33,-1
 384 320 l 1,34,-1
 320 320 l 1,35,-1
 320 256 l 1,36,-1
 256 256 l 1,37,-1
 192 256 l 1,38,-1
 128 256 l 1,39,-1
 128 192 l 1,40,-1
 128 128 l 1,41,-1
 192 128 l 1,42,-1
 256 128 l 1,43,-1
 320 128 l 1,44,-1
 320 64 l 1,45,-1
 384 64 l 1,46,-1
 384 0 l 1,47,-1
 320 0 l 1,0,-1
EndSplineSet
EndChar

StartChar: bracketleft
Encoding: 91 91 60
Width: 320
GlyphClass: 1
Flags: W
LayerCount: 2
Fore
SplineSet
192 -256 m 1,0,-1
 128 -256 l 1,1,-1
 64 -256 l 1,2,-1
 0 -256 l 1,3,-1
 0 -192 l 1,4,-1
 0 -128 l 1,5,-1
 0 -64 l 1,6,-1
 0 0 l 1,7,-1
 0 64 l 1,8,-1
 0 128 l 1,9,-1
 0 192 l 1,10,-1
 0 256 l 1,11,-1
 0 320 l 1,12,-1
 0 384 l 1,13,-1
 0 448 l 1,14,-1
 0 512 l 1,15,-1
 0 576 l 1,16,-1
 0 640 l 1,17,-1
 0 704 l 1,18,-1
 0 768 l 1,19,-1
 64 768 l 1,20,-1
 128 768 l 1,21,-1
 192 768 l 1,22,-1
 256 768 l 1,23,-1
 256 704 l 1,24,-1
 256 640 l 1,25,-1
 192 640 l 1,26,-1
 128 640 l 1,27,-1
 128 576 l 1,28,-1
 128 512 l 1,29,-1
 128 448 l 1,30,-1
 128 384 l 1,31,-1
 128 320 l 1,32,-1
 128 256 l 1,33,-1
 128 192 l 1,34,-1
 128 128 l 1,35,-1
 128 64 l 1,36,-1
 128 0 l 1,37,-1
 128 -64 l 1,38,-1
 128 -128 l 1,39,-1
 192 -128 l 1,40,-1
 256 -128 l 1,41,-1
 256 -192 l 1,42,-1
 256 -256 l 1,43,-1
 192 -256 l 1,0,-1
EndSplineSet
EndChar

StartChar: bracketright
Encoding: 93 93 61
Width: 320
GlyphClass: 1
Flags: W
LayerCount: 2
Fore
SplineSet
192 -256 m 1,0,-1
 128 -256 l 1,1,-1
 64 -256 l 1,2,-1
 0 -256 l 1,3,-1
 0 -192 l 1,4,-1
 0 -128 l 1,5,-1
 64 -128 l 1,6,-1
 128 -128 l 1,7,-1
 128 -64 l 1,8,-1
 128 0 l 1,9,-1
 128 64 l 1,10,-1
 128 128 l 1,11,-1
 128 192 l 1,12,-1
 128 256 l 1,13,-1
 128 320 l 1,14,-1
 128 384 l 1,15,-1
 128 448 l 1,16,-1
 128 512 l 1,17,-1
 128 576 l 1,18,-1
 128 640 l 1,19,-1
 64 640 l 1,20,-1
 0 640 l 1,21,-1
 0 704 l 1,22,-1
 0 768 l 1,23,-1
 64 768 l 1,24,-1
 128 768 l 1,25,-1
 192 768 l 1,26,-1
 256 768 l 1,27,-1
 256 704 l 1,28,-1
 256 640 l 1,29,-1
 256 576 l 1,30,-1
 256 512 l 1,31,-1
 256 448 l 1,32,-1
 256 384 l 1,33,-1
 256 320 l 1,34,-1
 256 256 l 1,35,-1
 256 192 l 1,36,-1
 256 128 l 1,37,-1
 256 64 l 1,38,-1
 256 0 l 1,39,-1
 256 -64 l 1,40,-1
 256 -128 l 1,41,-1
 256 -192 l 1,42,-1
 256 -256 l 1,43,-1
 192 -256 l 1,0,-1
EndSplineSet
EndChar

StartChar: asciicircum
Encoding: 94 94 62
Width: 384
GlyphClass: 1
Flags: W
LayerCount: 2
Fore
SplineSet
256 512 m 1,0,-1
 256 576 l 1,1,-1
 192 576 l 1,2,-1
 192 640 l 1,3,-1
 128 640 l 1,4,-1
 128 576 l 1,5,-1
 64 576 l 1,6,-1
 64 512 l 1,7,-1
 0 512 l 1,8,-1
 0 576 l 1,9,-1
 0 640 l 1,10,-1
 0 704 l 1,11,-1
 64 704 l 1,12,-1
 64 768 l 1,13,-1
 128 768 l 1,14,-1
 192 768 l 1,15,-1
 256 768 l 1,16,-1
 256 704 l 1,17,-1
 320 704 l 1,18,-1
 320 640 l 1,19,-1
 320 576 l 1,20,-1
 320 512 l 1,21,-1
 256 512 l 1,0,-1
EndSplineSet
EndChar

StartChar: underscore
Encoding: 95 95 63
Width: 640
GlyphClass: 1
Flags: W
LayerCount: 2
Fore
SplineSet
512 -128 m 1,0,-1
 448 -128 l 1,1,-1
 384 -128 l 1,2,-1
 320 -128 l 1,3,-1
 256 -128 l 1,4,-1
 192 -128 l 1,5,-1
 128 -128 l 1,6,-1
 64 -128 l 1,7,-1
 0 -128 l 1,8,-1
 0 -64 l 1,9,-1
 0 0 l 1,10,-1
 64 0 l 1,11,-1
 128 0 l 1,12,-1
 192 0 l 1,13,-1
 256 0 l 1,14,-1
 320 0 l 1,15,-1
 384 0 l 1,16,-1
 448 0 l 1,17,-1
 512 0 l 1,18,-1
 576 0 l 1,19,-1
 576 -64 l 1,20,-1
 576 -128 l 1,21,-1
 512 -128 l 1,0,-1
EndSplineSet
EndChar

StartChar: grave
Encoding: 96 96 64
Width: 192
GlyphClass: 1
Flags: W
LayerCount: 2
Fore
SplineSet
64 576 m 1,0,-1
 64 640 l 1,1,-1
 64 704 l 1,2,-1
 128 704 l 1,3,-1
 128 640 l 1,4,-1
 128 576 l 1,5,-1
 64 576 l 1,0,-1
EndSplineSet
EndChar

StartChar: a
Encoding: 97 97 65
Width: 448
GlyphClass: 1
Flags: W
LayerCount: 2
Fore
SplineSet
320 0 m 1,0,-1
 256 0 l 1,1,-1
 192 0 l 1,2,-1
 128 0 l 1,3,-1
 64 0 l 1,4,-1
 64 64 l 1,5,-1
 0 64 l 1,6,-1
 0 128 l 1,7,-1
 0 192 l 1,8,-1
 0 256 l 1,9,-1
 0 320 l 1,10,-1
 0 384 l 1,11,-1
 0 448 l 1,12,-1
 64 448 l 1,13,-1
 64 512 l 1,14,-1
 128 512 l 1,15,-1
 192 512 l 1,16,-1
 256 512 l 1,17,-1
 320 512 l 1,18,-1
 320 448 l 1,19,-1
 384 448 l 1,20,-1
 384 384 l 1,21,-1
 384 320 l 1,22,-1
 384 256 l 1,23,-1
 384 192 l 1,24,-1
 384 128 l 1,25,-1
 384 64 l 1,26,-1
 384 0 l 1,27,-1
 320 0 l 1,0,-1
192 128 m 1,28,-1
 256 128 l 1,29,-1
 256 192 l 1,30,-1
 256 256 l 1,31,-1
 256 320 l 1,32,-1
 256 384 l 1,33,-1
 192 384 l 1,34,-1
 128 384 l 1,35,-1
 128 320 l 1,36,-1
 128 256 l 1,37,-1
 128 192 l 1,38,-1
 128 128 l 1,39,-1
 192 128 l 1,28,-1
EndSplineSet
EndChar

StartChar: b
Encoding: 98 98 66
Width: 512
GlyphClass: 1
Flags: W
LayerCount: 2
Fore
SplineSet
320 0 m 1,0,-1
 256 0 l 1,1,-1
 192 0 l 1,2,-1
 128 0 l 1,3,-1
 64 0 l 1,4,-1
 0 0 l 1,5,-1
 0 64 l 1,6,-1
 64 64 l 1,7,-1
 64 128 l 1,8,-1
 64 192 l 1,9,-1
 64 256 l 1,10,-1
 64 320 l 1,11,-1
 64 384 l 1,12,-1
 64 448 l 1,13,-1
 64 512 l 1,14,-1
 64 576 l 1,15,-1
 64 640 l 1,16,-1
 64 704 l 1,17,-1
 0 704 l 1,18,-1
 0 768 l 1,19,-1
 64 768 l 1,20,-1
 128 768 l 1,21,-1
 192 768 l 1,22,-1
 192 704 l 1,23,-1
 192 640 l 1,24,-1
 192 576 l 1,25,-1
 192 512 l 1,26,-1
 256 512 l 1,27,-1
 320 512 l 1,28,-1
 384 512 l 1,29,-1
 384 448 l 1,30,-1
 448 448 l 1,31,-1
 448 384 l 1,32,-1
 448 320 l 1,33,-1
 448 256 l 1,34,-1
 448 192 l 1,35,-1
 448 128 l 1,36,-1
 448 64 l 1,37,-1
 384 64 l 1,38,-1
 384 0 l 1,39,-1
 320 0 l 1,0,-1
256 128 m 1,40,-1
 320 128 l 1,41,-1
 320 192 l 1,42,-1
 320 256 l 1,43,-1
 320 320 l 1,44,-1
 320 384 l 1,45,-1
 256 384 l 1,46,-1
 192 384 l 1,47,-1
 192 320 l 1,48,-1
 192 256 l 1,49,-1
 192 192 l 1,50,-1
 192 128 l 1,51,-1
 256 128 l 1,40,-1
EndSplineSet
EndChar

StartChar: c
Encoding: 99 99 67
Width: 448
GlyphClass: 1
Flags: W
LayerCount: 2
Fore
SplineSet
256 0 m 1,0,-1
 192 0 l 1,1,-1
 128 0 l 1,2,-1
 64 0 l 1,3,-1
 64 64 l 1,4,-1
 0 64 l 1,5,-1
 0 128 l 1,6,-1
 0 192 l 1,7,-1
 0 256 l 1,8,-1
 0 320 l 1,9,-1
 0 384 l 1,10,-1
 0 448 l 1,11,-1
 64 448 l 1,12,-1
 64 512 l 1,13,-1
 128 512 l 1,14,-1
 192 512 l 1,15,-1
 256 512 l 1,16,-1
 320 512 l 1,17,-1
 320 448 l 1,18,-1
 384 448 l 1,19,-1
 384 384 l 1,20,-1
 384 320 l 1,21,-1
 320 320 l 1,22,-1
 256 320 l 1,23,-1
 256 384 l 1,24,-1
 192 384 l 1,25,-1
 128 384 l 1,26,-1
 128 320 l 1,27,-1
 128 256 l 1,28,-1
 128 192 l 1,29,-1
 128 128 l 1,30,-1
 192 128 l 1,31,-1
 256 128 l 1,32,-1
 256 192 l 1,33,-1
 320 192 l 1,34,-1
 384 192 l 1,35,-1
 384 128 l 1,36,-1
 384 64 l 1,37,-1
 320 64 l 1,38,-1
 320 0 l 1,39,-1
 256 0 l 1,0,-1
EndSplineSet
EndChar

StartChar: d
Encoding: 100 100 68
Width: 512
GlyphClass: 1
Flags: W
LayerCount: 2
Fore
SplineSet
384 0 m 1,0,-1
 320 0 l 1,1,-1
 256 0 l 1,2,-1
 192 0 l 1,3,-1
 128 0 l 1,4,-1
 64 0 l 1,5,-1
 64 64 l 1,6,-1
 0 64 l 1,7,-1
 0 128 l 1,8,-1
 0 192 l 1,9,-1
 0 256 l 1,10,-1
 0 320 l 1,11,-1
 0 384 l 1,12,-1
 0 448 l 1,13,-1
 64 448 l 1,14,-1
 64 512 l 1,15,-1
 128 512 l 1,16,-1
 192 512 l 1,17,-1
 256 512 l 1,18,-1
 256 576 l 1,19,-1
 256 640 l 1,20,-1
 256 704 l 1,21,-1
 256 768 l 1,22,-1
 320 768 l 1,23,-1
 384 768 l 1,24,-1
 448 768 l 1,25,-1
 448 704 l 1,26,-1
 384 704 l 1,27,-1
 384 640 l 1,28,-1
 384 576 l 1,29,-1
 384 512 l 1,30,-1
 384 448 l 1,31,-1
 384 384 l 1,32,-1
 384 320 l 1,33,-1
 384 256 l 1,34,-1
 384 192 l 1,35,-1
 384 128 l 1,36,-1
 384 64 l 1,37,-1
 448 64 l 1,38,-1
 448 0 l 1,39,-1
 384 0 l 1,0,-1
192 128 m 1,40,-1
 256 128 l 1,41,-1
 256 192 l 1,42,-1
 256 256 l 1,43,-1
 256 320 l 1,44,-1
 256 384 l 1,45,-1
 192 384 l 1,46,-1
 128 384 l 1,47,-1
 128 320 l 1,48,-1
 128 256 l 1,49,-1
 128 192 l 1,50,-1
 128 128 l 1,51,-1
 192 128 l 1,40,-1
EndSplineSet
EndChar

StartChar: e
Encoding: 101 101 69
Width: 512
GlyphClass: 1
Flags: W
LayerCount: 2
Fore
SplineSet
320 0 m 1,0,-1
 256 0 l 1,1,-1
 192 0 l 1,2,-1
 128 0 l 1,3,-1
 128 64 l 1,4,-1
 64 64 l 1,5,-1
 64 128 l 1,6,-1
 64 192 l 1,7,-1
 64 256 l 1,8,-1
 64 320 l 1,9,-1
 64 384 l 1,10,-1
 64 448 l 1,11,-1
 128 448 l 1,12,-1
 128 512 l 1,13,-1
 192 512 l 1,14,-1
 256 512 l 1,15,-1
 320 512 l 1,16,-1
 384 512 l 1,17,-1
 384 448 l 1,18,-1
 448 448 l 1,19,-1
 448 384 l 1,20,-1
 448 320 l 1,21,-1
 448 256 l 1,22,-1
 384 256 l 1,23,-1
 384 192 l 1,24,-1
 320 192 l 1,25,-1
 256 192 l 1,26,-1
 192 192 l 1,27,-1
 192 128 l 1,28,-1
 256 128 l 1,29,-1
 320 128 l 1,30,-1
 384 128 l 1,31,-1
 448 128 l 1,32,-1
 448 64 l 1,33,-1
 384 64 l 1,34,-1
 384 0 l 1,35,-1
 320 0 l 1,0,-1
256 320 m 1,36,-1
 320 320 l 1,37,-1
 320 384 l 1,38,-1
 256 384 l 1,39,-1
 192 384 l 1,40,-1
 192 320 l 1,41,-1
 256 320 l 1,36,-1
EndSplineSet
EndChar

StartChar: f
Encoding: 102 102 70
Width: 512
GlyphClass: 1
Flags: W
LayerCount: 2
Fore
SplineSet
192 0 m 1,0,-1
 128 0 l 1,1,-1
 64 0 l 1,2,-1
 0 0 l 1,3,-1
 0 64 l 1,4,-1
 64 64 l 1,5,-1
 64 128 l 1,6,-1
 64 192 l 1,7,-1
 64 256 l 1,8,-1
 64 320 l 1,9,-1
 64 384 l 1,10,-1
 64 448 l 1,11,-1
 64 512 l 1,12,-1
 64 576 l 1,13,-1
 0 576 l 1,14,-1
 0 640 l 1,15,-1
 64 640 l 1,16,-1
 128 640 l 1,17,-1
 192 640 l 1,18,-1
 256 640 l 1,19,-1
 320 640 l 1,20,-1
 384 640 l 1,21,-1
 448 640 l 1,22,-1
 448 576 l 1,23,-1
 384 576 l 1,24,-1
 384 512 l 1,25,-1
 320 512 l 1,26,-1
 256 512 l 1,27,-1
 192 512 l 1,28,-1
 192 448 l 1,29,-1
 192 384 l 1,30,-1
 256 384 l 1,31,-1
 320 384 l 1,32,-1
 384 384 l 1,33,-1
 448 384 l 1,34,-1
 448 320 l 1,35,-1
 384 320 l 1,36,-1
 384 256 l 1,37,-1
 320 256 l 1,38,-1
 256 256 l 1,39,-1
 192 256 l 1,40,-1
 192 192 l 1,41,-1
 192 128 l 1,42,-1
 192 64 l 1,43,-1
 256 64 l 1,44,-1
 256 0 l 1,45,-1
 192 0 l 1,0,-1
EndSplineSet
EndChar

StartChar: g
Encoding: 103 103 71
Width: 448
GlyphClass: 1
Flags: W
LayerCount: 2
Fore
SplineSet
256 -192 m 1,0,-1
 192 -192 l 1,1,-1
 128 -192 l 1,2,-1
 64 -192 l 1,3,-1
 64 -128 l 1,4,-1
 0 -128 l 1,5,-1
 0 -64 l 1,6,-1
 64 -64 l 1,7,-1
 128 -64 l 1,8,-1
 192 -64 l 1,9,-1
 256 -64 l 1,10,-1
 256 0 l 1,11,-1
 192 0 l 1,12,-1
 128 0 l 1,13,-1
 64 0 l 1,14,-1
 64 64 l 1,15,-1
 0 64 l 1,16,-1
 0 128 l 1,17,-1
 0 192 l 1,18,-1
 0 256 l 1,19,-1
 0 320 l 1,20,-1
 0 384 l 1,21,-1
 0 448 l 1,22,-1
 64 448 l 1,23,-1
 64 512 l 1,24,-1
 128 512 l 1,25,-1
 192 512 l 1,26,-1
 256 512 l 1,27,-1
 320 512 l 1,28,-1
 320 448 l 1,29,-1
 384 448 l 1,30,-1
 384 384 l 1,31,-1
 384 320 l 1,32,-1
 384 256 l 1,33,-1
 384 192 l 1,34,-1
 384 128 l 1,35,-1
 384 64 l 1,36,-1
 384 0 l 1,37,-1
 384 -64 l 1,38,-1
 384 -128 l 1,39,-1
 320 -128 l 1,40,-1
 320 -192 l 1,41,-1
 256 -192 l 1,0,-1
192 128 m 1,42,-1
 256 128 l 1,43,-1
 256 192 l 1,44,-1
 256 256 l 1,45,-1
 256 320 l 1,46,-1
 256 384 l 1,47,-1
 192 384 l 1,48,-1
 128 384 l 1,49,-1
 128 320 l 1,50,-1
 128 256 l 1,51,-1
 128 192 l 1,52,-1
 128 128 l 1,53,-1
 192 128 l 1,42,-1
EndSplineSet
EndChar

StartChar: h
Encoding: 104 104 72
Width: 448
GlyphClass: 1
Flags: W
LayerCount: 2
Fore
SplineSet
320 0 m 1,0,-1
 320 64 l 1,1,-1
 256 64 l 1,2,-1
 256 128 l 1,3,-1
 256 192 l 1,4,-1
 256 256 l 1,5,-1
 256 320 l 1,6,-1
 192 320 l 1,7,-1
 128 320 l 1,8,-1
 128 256 l 1,9,-1
 128 192 l 1,10,-1
 128 128 l 1,11,-1
 128 64 l 1,12,-1
 64 64 l 1,13,-1
 64 0 l 1,14,-1
 0 0 l 1,15,-1
 0 64 l 1,16,-1
 0 128 l 1,17,-1
 0 192 l 1,18,-1
 0 256 l 1,19,-1
 0 320 l 1,20,-1
 0 384 l 1,21,-1
 0 448 l 1,22,-1
 0 512 l 1,23,-1
 0 576 l 1,24,-1
 0 640 l 1,25,-1
 0 704 l 1,26,-1
 0 768 l 1,27,-1
 64 768 l 1,28,-1
 64 704 l 1,29,-1
 128 704 l 1,30,-1
 128 640 l 1,31,-1
 128 576 l 1,32,-1
 128 512 l 1,33,-1
 128 448 l 1,34,-1
 192 448 l 1,35,-1
 256 448 l 1,36,-1
 320 448 l 1,37,-1
 320 384 l 1,38,-1
 384 384 l 1,39,-1
 384 320 l 1,40,-1
 384 256 l 1,41,-1
 384 192 l 1,42,-1
 384 128 l 1,43,-1
 384 64 l 1,44,-1
 384 0 l 1,45,-1
 320 0 l 1,0,-1
EndSplineSet
EndChar

StartChar: i
Encoding: 105 105 73
Width: 192
GlyphClass: 1
Flags: W
LayerCount: 2
Fore
SplineSet
64 0 m 1,0,-1
 0 0 l 1,1,-1
 0 64 l 1,2,-1
 0 128 l 1,3,-1
 0 192 l 1,4,-1
 0 256 l 1,5,-1
 0 320 l 1,6,-1
 0 384 l 1,7,-1
 0 448 l 1,8,-1
 64 448 l 1,9,-1
 128 448 l 1,10,-1
 128 384 l 1,11,-1
 128 320 l 1,12,-1
 128 256 l 1,13,-1
 128 192 l 1,14,-1
 128 128 l 1,15,-1
 128 64 l 1,16,-1
 128 0 l 1,17,-1
 64 0 l 1,0,-1
64 512 m 1,18,-1
 0 512 l 1,19,-1
 0 576 l 1,20,-1
 0 640 l 1,21,-1
 64 640 l 1,22,-1
 128 640 l 1,23,-1
 128 576 l 1,24,-1
 128 512 l 1,25,-1
 64 512 l 1,18,-1
EndSplineSet
EndChar

StartChar: j
Encoding: 106 106 74
Width: 320
GlyphClass: 1
Flags: W
LayerCount: 2
Fore
SplineSet
64 -192 m 1,0,-1
 0 -192 l 1,1,-1
 0 -128 l 1,2,-1
 -64 -128 l 1,3,-1
 -64 -64 l 1,4,-1
 0 -64 l 1,5,-1
 64 -64 l 1,6,-1
 64 0 l 1,7,-1
 64 64 l 1,8,-1
 64 128 l 1,9,-1
 64 192 l 1,10,-1
 64 256 l 1,11,-1
 64 320 l 1,12,-1
 64 384 l 1,13,-1
 64 448 l 1,14,-1
 64 512 l 1,15,-1
 64 576 l 1,16,-1
 0 576 l 1,17,-1
 0 640 l 1,18,-1
 64 640 l 1,19,-1
 128 640 l 1,20,-1
 192 640 l 1,21,-1
 256 640 l 1,22,-1
 256 576 l 1,23,-1
 192 576 l 1,24,-1
 192 512 l 1,25,-1
 192 448 l 1,26,-1
 192 384 l 1,27,-1
 192 320 l 1,28,-1
 192 256 l 1,29,-1
 192 192 l 1,30,-1
 192 128 l 1,31,-1
 192 64 l 1,32,-1
 192 0 l 1,33,-1
 192 -64 l 1,34,-1
 192 -128 l 1,35,-1
 128 -128 l 1,36,-1
 128 -192 l 1,37,-1
 64 -192 l 1,0,-1
EndSplineSet
EndChar

StartChar: k
Encoding: 107 107 75
Width: 448
GlyphClass: 1
Flags: W
LayerCount: 2
Fore
SplineSet
256 0 m 1,0,-1
 256 64 l 1,1,-1
 256 128 l 1,2,-1
 256 192 l 1,3,-1
 192 192 l 1,4,-1
 192 256 l 1,5,-1
 128 256 l 1,6,-1
 128 192 l 1,7,-1
 128 128 l 1,8,-1
 128 64 l 1,9,-1
 64 64 l 1,10,-1
 64 0 l 1,11,-1
 0 0 l 1,12,-1
 0 64 l 1,13,-1
 0 128 l 1,14,-1
 0 192 l 1,15,-1
 0 256 l 1,16,-1
 0 320 l 1,17,-1
 0 384 l 1,18,-1
 0 448 l 1,19,-1
 0 512 l 1,20,-1
 0 576 l 1,21,-1
 0 640 l 1,22,-1
 64 640 l 1,23,-1
 64 576 l 1,24,-1
 128 576 l 1,25,-1
 128 512 l 1,26,-1
 128 448 l 1,27,-1
 128 384 l 1,28,-1
 192 384 l 1,29,-1
 192 448 l 1,30,-1
 256 448 l 1,31,-1
 256 512 l 1,32,-1
 256 576 l 1,33,-1
 256 640 l 1,34,-1
 320 640 l 1,35,-1
 320 576 l 1,36,-1
 384 576 l 1,37,-1
 384 512 l 1,38,-1
 384 448 l 1,39,-1
 384 384 l 1,40,-1
 320 384 l 1,41,-1
 320 320 l 1,42,-1
 320 256 l 1,43,-1
 384 256 l 1,44,-1
 384 192 l 1,45,-1
 384 128 l 1,46,-1
 384 64 l 1,47,-1
 320 64 l 1,48,-1
 320 0 l 1,49,-1
 256 0 l 1,0,-1
EndSplineSet
EndChar

StartChar: l
Encoding: 108 108 76
Width: 320
GlyphClass: 1
Flags: W
LayerCount: 2
Fore
SplineSet
192 0 m 1,0,-1
 128 0 l 1,1,-1
 64 0 l 1,2,-1
 0 0 l 1,3,-1
 0 64 l 1,4,-1
 0 128 l 1,5,-1
 0 192 l 1,6,-1
 0 256 l 1,7,-1
 0 320 l 1,8,-1
 0 384 l 1,9,-1
 0 448 l 1,10,-1
 0 512 l 1,11,-1
 0 576 l 1,12,-1
 0 640 l 1,13,-1
 64 640 l 1,14,-1
 64 576 l 1,15,-1
 128 576 l 1,16,-1
 128 512 l 1,17,-1
 128 448 l 1,18,-1
 128 384 l 1,19,-1
 128 320 l 1,20,-1
 128 256 l 1,21,-1
 128 192 l 1,22,-1
 128 128 l 1,23,-1
 192 128 l 1,24,-1
 192 64 l 1,25,-1
 256 64 l 1,26,-1
 256 0 l 1,27,-1
 192 0 l 1,0,-1
EndSplineSet
EndChar

StartChar: m
Encoding: 109 109 77
Width: 576
GlyphClass: 1
Flags: W
LayerCount: 2
Fore
SplineSet
448 0 m 1,0,-1
 448 64 l 1,1,-1
 384 64 l 1,2,-1
 384 128 l 1,3,-1
 384 192 l 1,4,-1
 384 256 l 1,5,-1
 384 320 l 1,6,-1
 384 384 l 1,7,-1
 320 384 l 1,8,-1
 320 320 l 1,9,-1
 320 256 l 1,10,-1
 320 192 l 1,11,-1
 320 128 l 1,12,-1
 320 64 l 1,13,-1
 256 64 l 1,14,-1
 192 64 l 1,15,-1
 192 128 l 1,16,-1
 192 192 l 1,17,-1
 192 256 l 1,18,-1
 192 320 l 1,19,-1
 192 384 l 1,20,-1
 128 384 l 1,21,-1
 128 320 l 1,22,-1
 128 256 l 1,23,-1
 128 192 l 1,24,-1
 128 128 l 1,25,-1
 128 64 l 1,26,-1
 64 64 l 1,27,-1
 64 0 l 1,28,-1
 0 0 l 1,29,-1
 0 64 l 1,30,-1
 0 128 l 1,31,-1
 0 192 l 1,32,-1
 0 256 l 1,33,-1
 0 320 l 1,34,-1
 0 384 l 1,35,-1
 0 448 l 1,36,-1
 64 448 l 1,37,-1
 64 512 l 1,38,-1
 128 512 l 1,39,-1
 192 512 l 1,40,-1
 256 512 l 1,41,-1
 320 512 l 1,42,-1
 384 512 l 1,43,-1
 448 512 l 1,44,-1
 448 448 l 1,45,-1
 512 448 l 1,46,-1
 512 384 l 1,47,-1
 512 320 l 1,48,-1
 512 256 l 1,49,-1
 512 192 l 1,50,-1
 512 128 l 1,51,-1
 512 64 l 1,52,-1
 512 0 l 1,53,-1
 448 0 l 1,0,-1
EndSplineSet
EndChar

StartChar: n
Encoding: 110 110 78
Width: 448
GlyphClass: 1
Flags: W
LayerCount: 2
Fore
SplineSet
320 0 m 1,0,-1
 320 64 l 1,1,-1
 256 64 l 1,2,-1
 256 128 l 1,3,-1
 256 192 l 1,4,-1
 256 256 l 1,5,-1
 256 320 l 1,6,-1
 256 384 l 1,7,-1
 192 384 l 1,8,-1
 128 384 l 1,9,-1
 128 320 l 1,10,-1
 128 256 l 1,11,-1
 128 192 l 1,12,-1
 128 128 l 1,13,-1
 128 64 l 1,14,-1
 64 64 l 1,15,-1
 64 0 l 1,16,-1
 0 0 l 1,17,-1
 0 64 l 1,18,-1
 0 128 l 1,19,-1
 0 192 l 1,20,-1
 0 256 l 1,21,-1
 0 320 l 1,22,-1
 0 384 l 1,23,-1
 0 448 l 1,24,-1
 0 512 l 1,25,-1
 64 512 l 1,26,-1
 128 512 l 1,27,-1
 192 512 l 1,28,-1
 256 512 l 1,29,-1
 320 512 l 1,30,-1
 320 448 l 1,31,-1
 384 448 l 1,32,-1
 384 384 l 1,33,-1
 384 320 l 1,34,-1
 384 256 l 1,35,-1
 384 192 l 1,36,-1
 384 128 l 1,37,-1
 384 64 l 1,38,-1
 384 0 l 1,39,-1
 320 0 l 1,0,-1
EndSplineSet
EndChar

StartChar: o
Encoding: 111 111 79
Width: 448
GlyphClass: 1
Flags: W
LayerCount: 2
Fore
SplineSet
256 0 m 1,0,-1
 192 0 l 1,1,-1
 128 0 l 1,2,-1
 64 0 l 1,3,-1
 64 64 l 1,4,-1
 0 64 l 1,5,-1
 0 128 l 1,6,-1
 0 192 l 1,7,-1
 0 256 l 1,8,-1
 0 320 l 1,9,-1
 0 384 l 1,10,-1
 0 448 l 1,11,-1
 64 448 l 1,12,-1
 64 512 l 1,13,-1
 128 512 l 1,14,-1
 192 512 l 1,15,-1
 256 512 l 1,16,-1
 320 512 l 1,17,-1
 320 448 l 1,18,-1
 384 448 l 1,19,-1
 384 384 l 1,20,-1
 384 320 l 1,21,-1
 384 256 l 1,22,-1
 384 192 l 1,23,-1
 384 128 l 1,24,-1
 384 64 l 1,25,-1
 320 64 l 1,26,-1
 320 0 l 1,27,-1
 256 0 l 1,0,-1
192 128 m 1,28,-1
 256 128 l 1,29,-1
 256 192 l 1,30,-1
 256 256 l 1,31,-1
 256 320 l 1,32,-1
 256 384 l 1,33,-1
 192 384 l 1,34,-1
 128 384 l 1,35,-1
 128 320 l 1,36,-1
 128 256 l 1,37,-1
 128 192 l 1,38,-1
 128 128 l 1,39,-1
 192 128 l 1,28,-1
EndSplineSet
EndChar

StartChar: p
Encoding: 112 112 80
Width: 512
GlyphClass: 1
Flags: W
LayerCount: 2
Fore
SplineSet
192 -256 m 1,0,-1
 128 -256 l 1,1,-1
 64 -256 l 1,2,-1
 0 -256 l 1,3,-1
 0 -192 l 1,4,-1
 64 -192 l 1,5,-1
 64 -128 l 1,6,-1
 64 -64 l 1,7,-1
 64 0 l 1,8,-1
 64 64 l 1,9,-1
 64 128 l 1,10,-1
 64 192 l 1,11,-1
 64 256 l 1,12,-1
 64 320 l 1,13,-1
 64 384 l 1,14,-1
 64 448 l 1,15,-1
 0 448 l 1,16,-1
 0 512 l 1,17,-1
 64 512 l 1,18,-1
 128 512 l 1,19,-1
 192 512 l 1,20,-1
 256 512 l 1,21,-1
 320 512 l 1,22,-1
 384 512 l 1,23,-1
 384 448 l 1,24,-1
 448 448 l 1,25,-1
 448 384 l 1,26,-1
 448 320 l 1,27,-1
 448 256 l 1,28,-1
 448 192 l 1,29,-1
 448 128 l 1,30,-1
 448 64 l 1,31,-1
 384 64 l 1,32,-1
 384 0 l 1,33,-1
 320 0 l 1,34,-1
 256 0 l 1,35,-1
 192 0 l 1,36,-1
 192 -64 l 1,37,-1
 192 -128 l 1,38,-1
 192 -192 l 1,39,-1
 256 -192 l 1,40,-1
 256 -256 l 1,41,-1
 192 -256 l 1,0,-1
256 128 m 1,42,-1
 320 128 l 1,43,-1
 320 192 l 1,44,-1
 320 256 l 1,45,-1
 320 320 l 1,46,-1
 320 384 l 1,47,-1
 256 384 l 1,48,-1
 192 384 l 1,49,-1
 192 320 l 1,50,-1
 192 256 l 1,51,-1
 192 192 l 1,52,-1
 192 128 l 1,53,-1
 256 128 l 1,42,-1
EndSplineSet
EndChar

StartChar: q
Encoding: 113 113 81
Width: 512
GlyphClass: 1
Flags: W
LayerCount: 2
Fore
SplineSet
384 -256 m 1,0,-1
 320 -256 l 1,1,-1
 256 -256 l 1,2,-1
 192 -256 l 1,3,-1
 192 -192 l 1,4,-1
 256 -192 l 1,5,-1
 256 -128 l 1,6,-1
 256 -64 l 1,7,-1
 256 0 l 1,8,-1
 192 0 l 1,9,-1
 128 0 l 1,10,-1
 64 0 l 1,11,-1
 64 64 l 1,12,-1
 0 64 l 1,13,-1
 0 128 l 1,14,-1
 0 192 l 1,15,-1
 0 256 l 1,16,-1
 0 320 l 1,17,-1
 0 384 l 1,18,-1
 0 448 l 1,19,-1
 64 448 l 1,20,-1
 64 512 l 1,21,-1
 128 512 l 1,22,-1
 192 512 l 1,23,-1
 256 512 l 1,24,-1
 320 512 l 1,25,-1
 384 512 l 1,26,-1
 448 512 l 1,27,-1
 448 448 l 1,28,-1
 384 448 l 1,29,-1
 384 384 l 1,30,-1
 384 320 l 1,31,-1
 384 256 l 1,32,-1
 384 192 l 1,33,-1
 384 128 l 1,34,-1
 384 64 l 1,35,-1
 384 0 l 1,36,-1
 384 -64 l 1,37,-1
 384 -128 l 1,38,-1
 384 -192 l 1,39,-1
 448 -192 l 1,40,-1
 448 -256 l 1,41,-1
 384 -256 l 1,0,-1
192 128 m 1,42,-1
 256 128 l 1,43,-1
 256 192 l 1,44,-1
 256 256 l 1,45,-1
 256 320 l 1,46,-1
 256 384 l 1,47,-1
 192 384 l 1,48,-1
 128 384 l 1,49,-1
 128 320 l 1,50,-1
 128 256 l 1,51,-1
 128 192 l 1,52,-1
 128 128 l 1,53,-1
 192 128 l 1,42,-1
EndSplineSet
EndChar

StartChar: r
Encoding: 114 114 82
Width: 448
GlyphClass: 1
Flags: W
LayerCount: 2
Fore
SplineSet
320 256 m 1,0,-1
 320 320 l 1,1,-1
 256 320 l 1,2,-1
 256 384 l 1,3,-1
 192 384 l 1,4,-1
 128 384 l 1,5,-1
 128 320 l 1,6,-1
 128 256 l 1,7,-1
 128 192 l 1,8,-1
 128 128 l 1,9,-1
 128 64 l 1,10,-1
 128 0 l 1,11,-1
 64 0 l 1,12,-1
 0 0 l 1,13,-1
 0 64 l 1,14,-1
 0 128 l 1,15,-1
 0 192 l 1,16,-1
 0 256 l 1,17,-1
 0 320 l 1,18,-1
 0 384 l 1,19,-1
 0 448 l 1,20,-1
 0 512 l 1,21,-1
 64 512 l 1,22,-1
 128 512 l 1,23,-1
 192 512 l 1,24,-1
 256 512 l 1,25,-1
 320 512 l 1,26,-1
 320 448 l 1,27,-1
 384 448 l 1,28,-1
 384 384 l 1,29,-1
 384 320 l 1,30,-1
 384 256 l 1,31,-1
 320 256 l 1,0,-1
EndSplineSet
EndChar

StartChar: s
Encoding: 115 115 83
Width: 448
GlyphClass: 1
Flags: W
LayerCount: 2
Fore
SplineSet
256 0 m 1,0,-1
 192 0 l 1,1,-1
 128 0 l 1,2,-1
 64 0 l 1,3,-1
 64 64 l 1,4,-1
 0 64 l 1,5,-1
 0 128 l 1,6,-1
 64 128 l 1,7,-1
 128 128 l 1,8,-1
 192 128 l 1,9,-1
 256 128 l 1,10,-1
 256 192 l 1,11,-1
 192 192 l 1,12,-1
 128 192 l 1,13,-1
 64 192 l 1,14,-1
 64 256 l 1,15,-1
 0 256 l 1,16,-1
 0 320 l 1,17,-1
 0 384 l 1,18,-1
 0 448 l 1,19,-1
 64 448 l 1,20,-1
 64 512 l 1,21,-1
 128 512 l 1,22,-1
 192 512 l 1,23,-1
 256 512 l 1,24,-1
 320 512 l 1,25,-1
 320 448 l 1,26,-1
 384 448 l 1,27,-1
 384 384 l 1,28,-1
 320 384 l 1,29,-1
 256 384 l 1,30,-1
 192 384 l 1,31,-1
 128 384 l 1,32,-1
 128 320 l 1,33,-1
 192 320 l 1,34,-1
 256 320 l 1,35,-1
 320 320 l 1,36,-1
 320 256 l 1,37,-1
 384 256 l 1,38,-1
 384 192 l 1,39,-1
 384 128 l 1,40,-1
 384 64 l 1,41,-1
 320 64 l 1,42,-1
 320 0 l 1,43,-1
 256 0 l 1,0,-1
EndSplineSet
EndChar

StartChar: t
Encoding: 116 116 84
Width: 448
GlyphClass: 1
Flags: W
LayerCount: 2
Fore
SplineSet
256 0 m 1,0,-1
 192 0 l 1,1,-1
 128 0 l 1,2,-1
 128 64 l 1,3,-1
 64 64 l 1,4,-1
 64 128 l 1,5,-1
 64 192 l 1,6,-1
 64 256 l 1,7,-1
 64 320 l 1,8,-1
 64 384 l 1,9,-1
 0 384 l 1,10,-1
 0 448 l 1,11,-1
 0 512 l 1,12,-1
 64 512 l 1,13,-1
 64 576 l 1,14,-1
 64 640 l 1,15,-1
 128 640 l 1,16,-1
 192 640 l 1,17,-1
 192 576 l 1,18,-1
 192 512 l 1,19,-1
 256 512 l 1,20,-1
 256 448 l 1,21,-1
 256 384 l 1,22,-1
 192 384 l 1,23,-1
 192 320 l 1,24,-1
 192 256 l 1,25,-1
 192 192 l 1,26,-1
 192 128 l 1,27,-1
 256 128 l 1,28,-1
 256 192 l 1,29,-1
 320 192 l 1,30,-1
 320 256 l 1,31,-1
 384 256 l 1,32,-1
 384 192 l 1,33,-1
 384 128 l 1,34,-1
 384 64 l 1,35,-1
 320 64 l 1,36,-1
 320 0 l 1,37,-1
 256 0 l 1,0,-1
EndSplineSet
EndChar

StartChar: u
Encoding: 117 117 85
Width: 448
GlyphClass: 1
Flags: W
LayerCount: 2
Fore
SplineSet
256 0 m 1,0,-1
 192 0 l 1,1,-1
 128 0 l 1,2,-1
 64 0 l 1,3,-1
 64 64 l 1,4,-1
 0 64 l 1,5,-1
 0 128 l 1,6,-1
 0 192 l 1,7,-1
 0 256 l 1,8,-1
 0 320 l 1,9,-1
 0 384 l 1,10,-1
 0 448 l 1,11,-1
 64 448 l 1,12,-1
 64 512 l 1,13,-1
 128 512 l 1,14,-1
 128 448 l 1,15,-1
 128 384 l 1,16,-1
 128 320 l 1,17,-1
 128 256 l 1,18,-1
 128 192 l 1,19,-1
 128 128 l 1,20,-1
 192 128 l 1,21,-1
 256 128 l 1,22,-1
 256 192 l 1,23,-1
 256 256 l 1,24,-1
 256 320 l 1,25,-1
 256 384 l 1,26,-1
 256 448 l 1,27,-1
 256 512 l 1,28,-1
 320 512 l 1,29,-1
 320 448 l 1,30,-1
 384 448 l 1,31,-1
 384 384 l 1,32,-1
 384 320 l 1,33,-1
 384 256 l 1,34,-1
 384 192 l 1,35,-1
 384 128 l 1,36,-1
 384 64 l 1,37,-1
 320 64 l 1,38,-1
 320 0 l 1,39,-1
 256 0 l 1,0,-1
EndSplineSet
EndChar

StartChar: v
Encoding: 118 118 86
Width: 448
GlyphClass: 1
Flags: W
LayerCount: 2
Fore
SplineSet
192 0 m 1,0,-1
 128 0 l 1,1,-1
 128 64 l 1,2,-1
 64 64 l 1,3,-1
 64 128 l 1,4,-1
 0 128 l 1,5,-1
 0 192 l 1,6,-1
 0 256 l 1,7,-1
 0 320 l 1,8,-1
 0 384 l 1,9,-1
 0 448 l 1,10,-1
 0 512 l 1,11,-1
 64 512 l 1,12,-1
 64 448 l 1,13,-1
 128 448 l 1,14,-1
 128 384 l 1,15,-1
 128 320 l 1,16,-1
 128 256 l 1,17,-1
 128 192 l 1,18,-1
 192 192 l 1,19,-1
 256 192 l 1,20,-1
 256 256 l 1,21,-1
 256 320 l 1,22,-1
 256 384 l 1,23,-1
 256 448 l 1,24,-1
 320 448 l 1,25,-1
 320 512 l 1,26,-1
 384 512 l 1,27,-1
 384 448 l 1,28,-1
 384 384 l 1,29,-1
 384 320 l 1,30,-1
 384 256 l 1,31,-1
 384 192 l 1,32,-1
 384 128 l 1,33,-1
 320 128 l 1,34,-1
 320 64 l 1,35,-1
 256 64 l 1,36,-1
 256 0 l 1,37,-1
 192 0 l 1,0,-1
EndSplineSet
EndChar

StartChar: w
Encoding: 119 119 87
Width: 576
GlyphClass: 1
Flags: W
LayerCount: 2
Fore
SplineSet
320 0 m 1,0,-1
 320 64 l 1,1,-1
 256 64 l 1,2,-1
 192 64 l 1,3,-1
 192 0 l 1,4,-1
 128 0 l 1,5,-1
 128 64 l 1,6,-1
 64 64 l 1,7,-1
 64 128 l 1,8,-1
 0 128 l 1,9,-1
 0 192 l 1,10,-1
 0 256 l 1,11,-1
 0 320 l 1,12,-1
 0 384 l 1,13,-1
 0 448 l 1,14,-1
 0 512 l 1,15,-1
 64 512 l 1,16,-1
 64 448 l 1,17,-1
 128 448 l 1,18,-1
 128 384 l 1,19,-1
 128 320 l 1,20,-1
 128 256 l 1,21,-1
 128 192 l 1,22,-1
 192 192 l 1,23,-1
 192 256 l 1,24,-1
 192 320 l 1,25,-1
 192 384 l 1,26,-1
 192 448 l 1,27,-1
 256 448 l 1,28,-1
 320 448 l 1,29,-1
 320 384 l 1,30,-1
 320 320 l 1,31,-1
 320 256 l 1,32,-1
 320 192 l 1,33,-1
 384 192 l 1,34,-1
 384 256 l 1,35,-1
 384 320 l 1,36,-1
 384 384 l 1,37,-1
 384 448 l 1,38,-1
 448 448 l 1,39,-1
 448 512 l 1,40,-1
 512 512 l 1,41,-1
 512 448 l 1,42,-1
 512 384 l 1,43,-1
 512 320 l 1,44,-1
 512 256 l 1,45,-1
 512 192 l 1,46,-1
 512 128 l 1,47,-1
 448 128 l 1,48,-1
 448 64 l 1,49,-1
 384 64 l 1,50,-1
 384 0 l 1,51,-1
 320 0 l 1,0,-1
EndSplineSet
EndChar

StartChar: x
Encoding: 120 120 88
Width: 448
GlyphClass: 1
Flags: W
LayerCount: 2
Fore
SplineSet
320 0 m 1,0,-1
 320 64 l 1,1,-1
 256 64 l 1,2,-1
 256 128 l 1,3,-1
 256 192 l 1,4,-1
 192 192 l 1,5,-1
 128 192 l 1,6,-1
 128 128 l 1,7,-1
 128 64 l 1,8,-1
 64 64 l 1,9,-1
 64 0 l 1,10,-1
 0 0 l 1,11,-1
 0 64 l 1,12,-1
 0 128 l 1,13,-1
 0 192 l 1,14,-1
 64 192 l 1,15,-1
 64 256 l 1,16,-1
 64 320 l 1,17,-1
 0 320 l 1,18,-1
 0 384 l 1,19,-1
 0 448 l 1,20,-1
 0 512 l 1,21,-1
 64 512 l 1,22,-1
 64 448 l 1,23,-1
 128 448 l 1,24,-1
 128 384 l 1,25,-1
 128 320 l 1,26,-1
 192 320 l 1,27,-1
 256 320 l 1,28,-1
 256 384 l 1,29,-1
 256 448 l 1,30,-1
 320 448 l 1,31,-1
 320 512 l 1,32,-1
 384 512 l 1,33,-1
 384 448 l 1,34,-1
 384 384 l 1,35,-1
 384 320 l 1,36,-1
 320 320 l 1,37,-1
 320 256 l 1,38,-1
 320 192 l 1,39,-1
 384 192 l 1,40,-1
 384 128 l 1,41,-1
 384 64 l 1,42,-1
 384 0 l 1,43,-1
 320 0 l 1,0,-1
EndSplineSet
EndChar

StartChar: y
Encoding: 121 121 89
Width: 384
GlyphClass: 1
Flags: W
LayerCount: 2
Fore
SplineSet
192 -256 m 1,0,-1
 128 -256 l 1,1,-1
 64 -256 l 1,2,-1
 64 -192 l 1,3,-1
 0 -192 l 1,4,-1
 0 -128 l 1,5,-1
 64 -128 l 1,6,-1
 128 -128 l 1,7,-1
 192 -128 l 1,8,-1
 192 -64 l 1,9,-1
 192 0 l 1,10,-1
 128 0 l 1,11,-1
 64 0 l 1,12,-1
 64 64 l 1,13,-1
 0 64 l 1,14,-1
 0 128 l 1,15,-1
 0 192 l 1,16,-1
 0 256 l 1,17,-1
 0 320 l 1,18,-1
 0 384 l 1,19,-1
 0 448 l 1,20,-1
 0 512 l 1,21,-1
 64 512 l 1,22,-1
 64 448 l 1,23,-1
 128 448 l 1,24,-1
 128 384 l 1,25,-1
 128 320 l 1,26,-1
 128 256 l 1,27,-1
 128 192 l 1,28,-1
 128 128 l 1,29,-1
 192 128 l 1,30,-1
 192 192 l 1,31,-1
 192 256 l 1,32,-1
 192 320 l 1,33,-1
 192 384 l 1,34,-1
 192 448 l 1,35,-1
 256 448 l 1,36,-1
 256 512 l 1,37,-1
 320 512 l 1,38,-1
 320 448 l 1,39,-1
 320 384 l 1,40,-1
 320 320 l 1,41,-1
 320 256 l 1,42,-1
 320 192 l 1,43,-1
 320 128 l 1,44,-1
 320 64 l 1,45,-1
 320 0 l 1,46,-1
 320 -64 l 1,47,-1
 320 -128 l 1,48,-1
 320 -192 l 1,49,-1
 256 -192 l 1,50,-1
 256 -256 l 1,51,-1
 192 -256 l 1,0,-1
EndSplineSet
EndChar

StartChar: z
Encoding: 122 122 90
Width: 448
GlyphClass: 1
Flags: W
LayerCount: 2
Fore
SplineSet
320 0 m 1,0,-1
 256 0 l 1,1,-1
 192 0 l 1,2,-1
 128 0 l 1,3,-1
 64 0 l 1,4,-1
 0 0 l 1,5,-1
 0 64 l 1,6,-1
 0 128 l 1,7,-1
 0 192 l 1,8,-1
 0 256 l 1,9,-1
 64 256 l 1,10,-1
 64 320 l 1,11,-1
 128 320 l 1,12,-1
 192 320 l 1,13,-1
 256 320 l 1,14,-1
 256 384 l 1,15,-1
 192 384 l 1,16,-1
 128 384 l 1,17,-1
 64 384 l 1,18,-1
 64 448 l 1,19,-1
 0 448 l 1,20,-1
 0 512 l 1,21,-1
 64 512 l 1,22,-1
 128 512 l 1,23,-1
 192 512 l 1,24,-1
 256 512 l 1,25,-1
 320 512 l 1,26,-1
 384 512 l 1,27,-1
 384 448 l 1,28,-1
 384 384 l 1,29,-1
 384 320 l 1,30,-1
 384 256 l 1,31,-1
 320 256 l 1,32,-1
 320 192 l 1,33,-1
 256 192 l 1,34,-1
 192 192 l 1,35,-1
 128 192 l 1,36,-1
 128 128 l 1,37,-1
 192 128 l 1,38,-1
 256 128 l 1,39,-1
 320 128 l 1,40,-1
 320 64 l 1,41,-1
 384 64 l 1,42,-1
 384 0 l 1,43,-1
 320 0 l 1,0,-1
EndSplineSet
EndChar

StartChar: braceleft
Encoding: 123 123 91
Width: 448
GlyphClass: 1
Flags: W
LayerCount: 2
Fore
SplineSet
320 -256 m 1,0,-1
 256 -256 l 1,1,-1
 192 -256 l 1,2,-1
 192 -192 l 1,3,-1
 128 -192 l 1,4,-1
 128 -128 l 1,5,-1
 128 -64 l 1,6,-1
 128 0 l 1,7,-1
 128 64 l 1,8,-1
 128 128 l 1,9,-1
 128 192 l 1,10,-1
 64 192 l 1,11,-1
 64 256 l 1,12,-1
 0 256 l 1,13,-1
 0 320 l 1,14,-1
 64 320 l 1,15,-1
 64 384 l 1,16,-1
 128 384 l 1,17,-1
 128 448 l 1,18,-1
 128 512 l 1,19,-1
 128 576 l 1,20,-1
 128 640 l 1,21,-1
 128 704 l 1,22,-1
 192 704 l 1,23,-1
 192 768 l 1,24,-1
 256 768 l 1,25,-1
 320 768 l 1,26,-1
 384 768 l 1,27,-1
 384 704 l 1,28,-1
 320 704 l 1,29,-1
 320 640 l 1,30,-1
 256 640 l 1,31,-1
 256 576 l 1,32,-1
 256 512 l 1,33,-1
 256 448 l 1,34,-1
 256 384 l 1,35,-1
 256 320 l 1,36,-1
 256 256 l 1,37,-1
 256 192 l 1,38,-1
 256 128 l 1,39,-1
 256 64 l 1,40,-1
 256 0 l 1,41,-1
 256 -64 l 1,42,-1
 256 -128 l 1,43,-1
 320 -128 l 1,44,-1
 320 -192 l 1,45,-1
 384 -192 l 1,46,-1
 384 -256 l 1,47,-1
 320 -256 l 1,0,-1
EndSplineSet
EndChar

StartChar: bar
Encoding: 124 124 92
Width: 192
GlyphClass: 1
Flags: W
LayerCount: 2
Fore
SplineSet
64 -256 m 1,0,-1
 0 -256 l 1,1,-1
 0 -192 l 1,2,-1
 0 -128 l 1,3,-1
 0 -64 l 1,4,-1
 0 0 l 1,5,-1
 0 64 l 1,6,-1
 0 128 l 1,7,-1
 0 192 l 1,8,-1
 0 256 l 1,9,-1
 0 320 l 1,10,-1
 0 384 l 1,11,-1
 0 448 l 1,12,-1
 0 512 l 1,13,-1
 0 576 l 1,14,-1
 0 640 l 1,15,-1
 0 704 l 1,16,-1
 0 768 l 1,17,-1
 64 768 l 1,18,-1
 128 768 l 1,19,-1
 128 704 l 1,20,-1
 128 640 l 1,21,-1
 128 576 l 1,22,-1
 128 512 l 1,23,-1
 128 448 l 1,24,-1
 128 384 l 1,25,-1
 128 320 l 1,26,-1
 128 256 l 1,27,-1
 128 192 l 1,28,-1
 128 128 l 1,29,-1
 128 64 l 1,30,-1
 128 0 l 1,31,-1
 128 -64 l 1,32,-1
 128 -128 l 1,33,-1
 128 -192 l 1,34,-1
 128 -256 l 1,35,-1
 64 -256 l 1,0,-1
EndSplineSet
EndChar

StartChar: braceright
Encoding: 125 125 93
Width: 448
GlyphClass: 1
Flags: W
LayerCount: 2
Fore
SplineSet
128 -256 m 1,0,-1
 64 -256 l 1,1,-1
 0 -256 l 1,2,-1
 0 -192 l 1,3,-1
 64 -192 l 1,4,-1
 64 -128 l 1,5,-1
 128 -128 l 1,6,-1
 128 -64 l 1,7,-1
 128 0 l 1,8,-1
 128 64 l 1,9,-1
 128 128 l 1,10,-1
 128 192 l 1,11,-1
 128 256 l 1,12,-1
 128 320 l 1,13,-1
 128 384 l 1,14,-1
 128 448 l 1,15,-1
 128 512 l 1,16,-1
 128 576 l 1,17,-1
 128 640 l 1,18,-1
 64 640 l 1,19,-1
 64 704 l 1,20,-1
 0 704 l 1,21,-1
 0 768 l 1,22,-1
 64 768 l 1,23,-1
 128 768 l 1,24,-1
 192 768 l 1,25,-1
 192 704 l 1,26,-1
 256 704 l 1,27,-1
 256 640 l 1,28,-1
 256 576 l 1,29,-1
 256 512 l 1,30,-1
 256 448 l 1,31,-1
 256 384 l 1,32,-1
 320 384 l 1,33,-1
 320 320 l 1,34,-1
 384 320 l 1,35,-1
 384 256 l 1,36,-1
 320 256 l 1,37,-1
 320 192 l 1,38,-1
 256 192 l 1,39,-1
 256 128 l 1,40,-1
 256 64 l 1,41,-1
 256 0 l 1,42,-1
 256 -64 l 1,43,-1
 256 -128 l 1,44,-1
 256 -192 l 1,45,-1
 192 -192 l 1,46,-1
 192 -256 l 1,47,-1
 128 -256 l 1,0,-1
EndSplineSet
EndChar

StartChar: uni00A0
Encoding: 160 160 94
Width: 320
GlyphClass: 1
Flags: W
LayerCount: 2
EndChar

StartChar: brokenbar
Encoding: 166 166 95
Width: 192
GlyphClass: 1
Flags: W
LayerCount: 2
Fore
SplineSet
64 -128 m 1,0,-1
 64 -64 l 1,1,-1
 64 0 l 1,2,-1
 64 64 l 1,3,-1
 64 128 l 1,4,-1
 64 192 l 1,5,-1
 128 192 l 1,6,-1
 128 128 l 1,7,-1
 128 64 l 1,8,-1
 128 0 l 1,9,-1
 128 -64 l 1,10,-1
 128 -128 l 1,11,-1
 64 -128 l 1,0,-1
64 384 m 1,12,-1
 64 448 l 1,13,-1
 64 512 l 1,14,-1
 64 576 l 1,15,-1
 64 640 l 1,16,-1
 64 704 l 1,17,-1
 128 704 l 1,18,-1
 128 640 l 1,19,-1
 128 576 l 1,20,-1
 128 512 l 1,21,-1
 128 448 l 1,22,-1
 128 384 l 1,23,-1
 64 384 l 1,12,-1
EndSplineSet
EndChar

StartChar: dieresis
Encoding: 168 168 96
Width: 320
GlyphClass: 1
Flags: W
LayerCount: 2
Fore
SplineSet
192 640 m 1,0,-1
 192 704 l 1,1,-1
 256 704 l 1,2,-1
 256 640 l 1,3,-1
 192 640 l 1,0,-1
64 640 m 1,4,-1
 64 704 l 1,5,-1
 128 704 l 1,6,-1
 128 640 l 1,7,-1
 64 640 l 1,4,-1
EndSplineSet
EndChar

StartChar: degree
Encoding: 176 176 97
Width: 256
GlyphClass: 1
Flags: W
LayerCount: 2
Fore
SplineSet
128 512 m 1,0,-1
 64 512 l 1,1,-1
 0 512 l 1,2,-1
 0 576 l 1,3,-1
 0 640 l 1,4,-1
 0 704 l 1,5,-1
 64 704 l 1,6,-1
 128 704 l 1,7,-1
 192 704 l 1,8,-1
 192 640 l 1,9,-1
 192 576 l 1,10,-1
 192 512 l 1,11,-1
 128 512 l 1,0,-1
128 576 m 1,12,-1
 128 640 l 1,13,-1
 64 640 l 1,14,-1
 64 576 l 1,15,-1
 128 576 l 1,12,-1
EndSplineSet
EndChar

StartChar: Eacute
Encoding: 201 201 98
Width: 512
GlyphClass: 2
Flags: W
LayerCount: 2
Fore
SplineSet
192 674 m 1,0,-1
 192 722 l 1,1,-1
 344 760 l 1,2,-1
 342 714 l 1,3,-1
 192 674 l 1,0,-1
384 0 m 1,4,-1
 320 0 l 1,5,-1
 256 0 l 1,6,-1
 192 0 l 1,7,-1
 128 0 l 1,8,-1
 64 0 l 1,9,-1
 0 0 l 1,10,-1
 0 64 l 1,11,-1
 64 64 l 1,12,-1
 64 128 l 1,13,-1
 64 192 l 1,14,-1
 64 256 l 1,15,-1
 64 320 l 1,16,-1
 64 384 l 1,17,-1
 64 448 l 1,18,-1
 64 512 l 1,19,-1
 64 576 l 1,20,-1
 0 576 l 1,21,-1
 0 640 l 1,22,-1
 64 640 l 1,23,-1
 128 640 l 1,24,-1
 192 640 l 1,25,-1
 256 640 l 1,26,-1
 320 640 l 1,27,-1
 384 640 l 1,28,-1
 448 640 l 1,29,-1
 448 576 l 1,30,-1
 384 576 l 1,31,-1
 384 512 l 1,32,-1
 320 512 l 1,33,-1
 256 512 l 1,34,-1
 192 512 l 1,35,-1
 192 448 l 1,36,-1
 192 384 l 1,37,-1
 256 384 l 1,38,-1
 320 384 l 1,39,-1
 384 384 l 1,40,-1
 448 384 l 1,41,-1
 448 320 l 1,42,-1
 448 256 l 1,43,-1
 384 256 l 1,44,-1
 320 256 l 1,45,-1
 256 256 l 1,46,-1
 192 256 l 1,47,-1
 192 192 l 1,48,-1
 192 128 l 1,49,-1
 256 128 l 1,50,-1
 320 128 l 1,51,-1
 384 128 l 1,52,-1
 384 64 l 1,53,-1
 448 64 l 1,54,-1
 448 0 l 1,55,-1
 384 0 l 1,4,-1
EndSplineSet
EndChar

StartChar: acircumflex
Encoding: 226 226 99
Width: 448
GlyphClass: 2
Flags: W
LayerCount: 2
Fore
SplineSet
126 567 m 1,0,-1
 60 600 l 1,1,-1
 200 749 l 1,2,-1
 316 599 l 1,3,-1
 252 571 l 1,4,-1
 200 661 l 1,5,-1
 126 567 l 1,0,-1
320 0 m 1,6,-1
 256 0 l 1,7,-1
 192 0 l 1,8,-1
 128 0 l 1,9,-1
 64 0 l 1,10,-1
 64 64 l 1,11,-1
 0 64 l 1,12,-1
 0 128 l 1,13,-1
 0 192 l 1,14,-1
 0 256 l 1,15,-1
 0 320 l 1,16,-1
 0 384 l 1,17,-1
 0 448 l 1,18,-1
 64 448 l 1,19,-1
 64 512 l 1,20,-1
 128 512 l 1,21,-1
 192 512 l 1,22,-1
 256 512 l 1,23,-1
 320 512 l 1,24,-1
 320 448 l 1,25,-1
 384 448 l 1,26,-1
 384 384 l 1,27,-1
 384 320 l 1,28,-1
 384 256 l 1,29,-1
 384 192 l 1,30,-1
 384 128 l 1,31,-1
 384 64 l 1,32,-1
 384 0 l 1,33,-1
 320 0 l 1,6,-1
192 128 m 1,34,-1
 256 128 l 1,35,-1
 256 192 l 1,36,-1
 256 256 l 1,37,-1
 256 320 l 1,38,-1
 256 384 l 1,39,-1
 192 384 l 1,40,-1
 128 384 l 1,41,-1
 128 320 l 1,42,-1
 128 256 l 1,43,-1
 128 192 l 1,44,-1
 128 128 l 1,45,-1
 192 128 l 1,34,-1
EndSplineSet
EndChar

StartChar: egrave
Encoding: 232 232 100
Width: 512
GlyphClass: 2
Flags: W
LayerCount: 2
Fore
SplineSet
251 623 m 1,0,-1
 257 541 l 1,1,-1
 170 649 l 1,2,-1
 161 735 l 1,3,-1
 251 623 l 1,0,-1
320 0 m 1,4,-1
 256 0 l 1,5,-1
 192 0 l 1,6,-1
 128 0 l 1,7,-1
 128 64 l 1,8,-1
 64 64 l 1,9,-1
 64 128 l 1,10,-1
 64 192 l 1,11,-1
 64 256 l 1,12,-1
 64 320 l 1,13,-1
 64 384 l 1,14,-1
 64 448 l 1,15,-1
 128 448 l 1,16,-1
 128 512 l 1,17,-1
 192 512 l 1,18,-1
 256 512 l 1,19,-1
 320 512 l 1,20,-1
 384 512 l 1,21,-1
 384 448 l 1,22,-1
 448 448 l 1,23,-1
 448 384 l 1,24,-1
 448 320 l 1,25,-1
 448 256 l 1,26,-1
 384 256 l 1,27,-1
 384 192 l 1,28,-1
 320 192 l 1,29,-1
 256 192 l 1,30,-1
 192 192 l 1,31,-1
 192 128 l 1,32,-1
 256 128 l 1,33,-1
 320 128 l 1,34,-1
 384 128 l 1,35,-1
 448 128 l 1,36,-1
 448 64 l 1,37,-1
 384 64 l 1,38,-1
 384 0 l 1,39,-1
 320 0 l 1,4,-1
256 320 m 1,40,-1
 320 320 l 1,41,-1
 320 384 l 1,42,-1
 256 384 l 1,43,-1
 192 384 l 1,44,-1
 192 320 l 1,45,-1
 256 320 l 1,40,-1
EndSplineSet
EndChar

StartChar: eacute
Encoding: 233 233 101
Width: 512
GlyphClass: 2
Flags: W
LayerCount: 2
Fore
SplineSet
256 602 m 1,0,-1
 351 726 l 1,1,-1
 350 639 l 1,2,-1
 258 539 l 1,3,-1
 256 602 l 1,0,-1
320 0 m 1,4,-1
 256 0 l 1,5,-1
 192 0 l 1,6,-1
 128 0 l 1,7,-1
 128 64 l 1,8,-1
 64 64 l 1,9,-1
 64 128 l 1,10,-1
 64 192 l 1,11,-1
 64 256 l 1,12,-1
 64 320 l 1,13,-1
 64 384 l 1,14,-1
 64 448 l 1,15,-1
 128 448 l 1,16,-1
 128 512 l 1,17,-1
 192 512 l 1,18,-1
 256 512 l 1,19,-1
 320 512 l 1,20,-1
 384 512 l 1,21,-1
 384 448 l 1,22,-1
 448 448 l 1,23,-1
 448 384 l 1,24,-1
 448 320 l 1,25,-1
 448 256 l 1,26,-1
 384 256 l 1,27,-1
 384 192 l 1,28,-1
 320 192 l 1,29,-1
 256 192 l 1,30,-1
 192 192 l 1,31,-1
 192 128 l 1,32,-1
 256 128 l 1,33,-1
 320 128 l 1,34,-1
 384 128 l 1,35,-1
 448 128 l 1,36,-1
 448 64 l 1,37,-1
 384 64 l 1,38,-1
 384 0 l 1,39,-1
 320 0 l 1,4,-1
256 320 m 1,40,-1
 320 320 l 1,41,-1
 320 384 l 1,42,-1
 256 384 l 1,43,-1
 192 384 l 1,44,-1
 192 320 l 1,45,-1
 256 320 l 1,40,-1
EndSplineSet
EndChar
EndChars
EndSplineFont
